[[0.08762327003123176, 0.04889556958805603, 0.02424458091902001, 0.031909267959368624, 0.07263307715822588, 0.05424583440781669, 0.05656792285584412, 0.045690988918172304, 0.06858822335274446, 0.048252188205042956, 0.04546219894523029, 0.033018896665637704, 0.05656954770699108, 0.07767706053613743, 0.024748055423178126, 0.04685237144076312, 0.035586951558638356, 0.06320041518553417, 0.03974665436861182, 0.03848692477375513], [0.10952121290070997, 0.03340450912865283, 0.04049944592384275, 0.11777153009899936, 0.038408664079555094, 0.03917765037232354, 0.043279291324312706, 0.04224056023932599, 0.055157354098944664, 0.054067134694778966, 0.035922949548116326, 0.057835386800005176, 0.03394725154284468, 0.04851770680860342, 0.028597198406065148, 0.04401019841157834, 0.02910919279831949, 0.07791730099367299, 0.03877619734955151, 0.03183926447979678], [0.03498595584144592, 0.08225407185394473, 0.026390807369309002, 0.03359892265509078, 0.049747982262958, 0.08564457507069308, 0.04726054593130056, 0.0862793929124134, 0.04259763383236285, 0.033492215801753177, 0.033848516991454844, 0.0432518790271039, 0.05860469996772722, 0.10024057142321831, 0.03733805572420385, 0.032540641234633745, 0.04715091206192422, 0.05392747051635069, 0.035777404763594534, 0.0350677447585173], [0.04019865602200153, 0.03948922536898596, 0.04245678588682245, 0.02243998531228167, 0.19989333797783257, 0.03274923634795869, 0.032221902975350276, 0.034055948306972485, 0.032485302426749976, 0.046327357904022474, 0.04568715819407408, 0.033479887335185345, 0.06965349187262374, 0.05834691768126786, 0.025258868863151086, 0.0568449571336701, 0.04864454270644008, 0.028503295959967978, 0.041649586442125366, 0.06961355528251657], [0.02351347564018441, 0.04700634313313741, 0.037649379871546124, 0.017275977153546642, 0.04153257287098784, 0.057539990784045855, 0.03847447428702554, 0.05757424735821053, 0.030820567529218863, 0.03199828676645854, 0.034030194668296154, 0.04187816040840322, 0.2517470088427147, 0.03835743564255193, 0.06792371109936061, 0.043077439982877476, 0.03799528664625341, 0.025500472143773437, 0.04147069329981686, 0.0346342818715905], [0.04072089549666147, 0.03862525016657964, 0.03224711345884927, 0.025935505213773136, 0.18086987782689254, 0.04019795447138057, 0.031873553638648536, 0.037359801839463844, 0.03707477901913417, 0.05366188862058167, 0.0589200740692983, 0.03773167818510128, 0.05158701081952402, 0.05951205661845453, 0.026744574434053623, 0.06017352407427892, 0.04630902973394342, 0.04473443609175415, 0.04666590413828079, 0.049055092083346026], [0.0459599716010536, 0.16489320598475718, 0.025612148078648728, 0.02448766865410975, 0.027841695582714557, 0.056153949672085965, 0.06118273192557389, 0.04905809831257512, 0.07003632165063611, 0.05664227164240546, 0.03827538670601498, 0.03651669140808175, 0.09091586180191932, 0.04838559471133963, 0.0300368953585293, 0.05560813992945009, 0.0327941753561312, 0.028737840831798967, 0.02907079444710708, 0.027790556345067042], [0.04702801637036805, 0.05431638921177112, 0.022273326767771225, 0.027121219216805187, 0.04510902961846949, 0.05012844570485017, 0.1156537722387581, 0.060238073217105725, 0.044976454485919574, 0.05079881995347382, 0.03822470379750592, 0.02636374890922575, 0.08467964690132364, 0.05722221292301499, 0.059394659469540145, 0.0430804454649457, 0.03380755436384711, 0.03767953375857913, 0.06311722726333502, 0.038786720363390974], [0.034518655254850705, 0.05850633389887651, 0.046910735178548976, 0.024573572745797315, 0.04687758533053536, 0.05142414107820789, 0.06177198800920274, 0.07987122964388847, 0.05828425250844777, 0.04214299864480675, 0.035626586515825426, 0.03606190554111225, 0.09042229644190714, 0.0474212036343317, 0.08925594343271732, 0.05528643043660799, 0.023474881296013595, 0.04358982381615015, 0.051046744074012794, 0.022932692518159558], [0.0715449325746265, 0.04451680552552463, 0.029911112004450048, 0.03530695078245083, 0.03721450149948767, 0.05538566552833414, 0.03585624114475196, 0.04019313367891594, 0.03999210490263243, 0.052369834399555115, 0.07044986716023213, 0.06469592180696845, 0.07841208353079289, 0.04962884343352845, 0.04819763782643656, 0.039783358108331744, 0.0497699665990146, 0.0645530970661195, 0.04314889698088971, 0.04906904544695553], [0.022459351492230578, 0.05428024642136244, 0.023299151703992358, 0.01867996630010374, 0.03349421484296088, 0.05019603013501316, 0.038058483946136125, 0.0508370557250329, 0.042570418229384885, 0.06783676990563801, 0.04250333082638078, 0.02749416328393613, 0.2094884721345193, 0.047747666524780324, 0.04046983761143092, 0.08758825652368797, 0.037691986720048615, 0.028953945895671913, 0.03905678533964973, 0.03729386643803953], [0.04220212153950858, 0.1376288188778774, 0.03810035688766998, 0.024948697284165593, 0.04214346888587646, 0.04002819246677003, 0.038496936574036966, 0.04502757994513276, 0.03138101056218444, 0.055652925065237266, 0.03656619281155464, 0.05698167020177754, 0.1082771978183807, 0.046616611563834544, 0.05821760705705587, 0.04836559773781788, 0.041077549819574344, 0.028229338864748633, 0.03972722804041345, 0.04033089799638317], [0.09957882104388331, 0.04989714817561856, 0.025589110354089176, 0.03440274643619251, 0.023461196872244367, 0.0403837517485334, 0.044150436923633775, 0.02886051064089557, 0.10435383821230176, 0.08586433592785823, 0.061027078629977784, 0.04562497727540774, 0.05622622145398388, 0.03953855916516899, 0.028114190780033712, 0.044496046878718686, 0.04105441636986448, 0.07919520105026291, 0.03712275730638082, 0.03105865475494972], [0.07439409064571821, 0.027708192109059344, 0.030942287038588916, 0.07306100208966053, 0.035245388191637333, 0.048337417831821196, 0.047049861002103094, 0.040835957788519374, 0.030427963411363338, 0.03270859498964289, 0.03530508691027312, 0.03594601699992863, 0.02970243439622268, 0.05639781787303898, 0.04374246474901472, 0.027671517762542345, 0.03538492063357506, 0.04751738804385866, 0.20919646923780724, 0.0384251282956242], [0.04527248373319033, 0.030558740028293282, 0.0635768469832688, 0.029418506419606576, 0.034148000075867144, 0.03659504938726559, 0.03840472830765143, 0.059331267985031286, 0.04033132261037928, 0.0465068928852408, 0.03991810808824968, 0.048789959097876666, 0.08599237918418683, 0.03791280142755644, 0.10943776107633418, 0.047523381719751644, 0.02714215885006254, 0.039509493202862574, 0.1126009937190404, 0.027029125218284256], [0.0399989601105833, 0.04186808948906654, 0.060691036431689306, 0.04036164491569109, 0.03506889245838775, 0.040377362766597244, 0.0650336384104714, 0.1037390817824583, 0.04004982349393385, 0.03972290741679853, 0.0280318554185741, 0.039758469451708196, 0.06231705791850003, 0.03414324263535374, 0.11941433997323711, 0.034812169280879345, 0.03465934182610937, 0.04759338281817816, 0.06756424490167114, 0.02479445850011235], [0.042883118235905564, 0.03262175947632889, 0.07876069909898466, 0.03893331180890712, 0.04224019278073408, 0.045362928522604824, 0.04940839977579304, 0.04215542067555594, 0.03537397896507158, 0.04934887678678766, 0.039247304079601864, 0.06678749515697324, 0.08658639671822317, 0.042968191781876566, 0.09390832375711473, 0.042345174685602664, 0.027621491176752794, 0.03751235603898215, 0.07710681284139413, 0.028827767636805942], [0.04284212321110599, 0.04297767925194014, 0.025609061630798662, 0.020549045082033698, 0.17550632805398453, 0.036759210404977344, 0.04364910418834713, 0.05326040628595672, 0.033518324466896926, 0.0483001973437855, 0.036766585472702715, 0.04155854948705617, 0.08154827900866522, 0.07117723400460982, 0.02466537794924307, 0.0653985244330748, 0.04178059470951941, 0.027510561402101966, 0.042237950424759516, 0.04438486318844048], [0.02715687122165504, 0.04249035807768026, 0.04369026965370343, 0.02461210377711947, 0.031577643189887455, 0.044484581664449775, 0.05490415179774918, 0.09612758775742677, 0.04080367812365507, 0.03430245763040244, 0.02479581914043514, 0.0471505481766808, 0.07842492754993387, 0.041922785646832626, 0.1548842399147753, 0.03422015483149905, 0.033030270835167734, 0.03656998846201513, 0.0749814583814288, 0.03387010416750268], [0.05480214733269589, 0.027423692869027242, 0.03619998442998472, 0.03963313069198252, 0.06115826956852283, 0.04111339124899863, 0.04432214094469205, 0.04252238581643915, 0.02435924318326921, 0.04921918638402426, 0.04702387179487549, 0.039283652759946414, 0.050500983984443436, 0.048099471097661106, 0.03878779434488579, 0.04988465032512232, 0.05080662899120858, 0.03097174460834004, 0.17290715656446237, 0.05098047305941759], [0.03807851416447942, 0.03491974630635999, 0.0328222203018998, 0.018804852477073204, 0.05827264537989366, 0.03230024589988291, 0.03250370578919981, 0.05637472493803197, 0.040366611436307834, 0.0813009333284596, 0.03846412414770307, 0.05366768170926387, 0.10796781690167262, 0.03471827297452786, 0.06644587013787008, 0.11384217323082028, 0.030751852112100873, 0.031047296310508694, 0.0633702547122984, 0.03398045774164641], [0.05208109770715546, 0.054728670889984, 0.04886481644627595, 0.03116235940716012, 0.06170982113101848, 0.02161724819698421, 0.13398822281550882, 0.058994685173247054, 0.051831528711262016, 0.05493002351353444, 0.02003283735509167, 0.026275040284119894, 0.08743826569618685, 0.05826144811114449, 0.03976870020953534, 0.05644997627011212, 0.026666029637716127, 0.04289947994900166, 0.03909044195717197, 0.03320930653778943], [0.027972682009419454, 0.0646039920071645, 0.03161098802051864, 0.021256377955254504, 0.0342523614107616, 0.04954083851266081, 0.03529511999224356, 0.04367312476805996, 0.03719723527569806, 0.048000816999364024, 0.04262573124261722, 0.04301449261751769, 0.22749187266178364, 0.0686527623959162, 0.04519493780544844, 0.04753958487349753, 0.03530553987479124, 0.020814923981886193, 0.04414874601290205, 0.031807871582495595], [0.06115005941924451, 0.03766582426636546, 0.028220450693112572, 0.032474272126049634, 0.04672314260246806, 0.041497448299584676, 0.031708394146885865, 0.028945885053305375, 0.019658981684648445, 0.025987135534668145, 0.044504963246441716, 0.035617389404018936, 0.0558093635252064, 0.07194798247101618, 0.02400882761990394, 0.026048295605775172, 0.2073811992627301, 0.055173330492286086, 0.04688553097928394, 0.07859152356700598], [0.029617084641387608, 0.04584104931498985, 0.025836645893614597, 0.02782363181565661, 0.05900111819351575, 0.0622613668960181, 0.06258238836495167, 0.10549420832570415, 0.0497139085600005, 0.05096926300754797, 0.041068190803739246, 0.037521076329304875, 0.06015949957318464, 0.08284161810524118, 0.037478292982460554, 0.061171390563046386, 0.025499027620198227, 0.057270569916942564, 0.03590563926823131, 0.041944029824264546], [0.03688299963478028, 0.046854690078661033, 0.049717716116992654, 0.027617372348317543, 0.0404525346699919, 0.04145991400166101, 0.04207947377355149, 0.16287125381661688, 0.04881216159108386, 0.04889380193524044, 0.029586707279833948, 0.042109009677068626, 0.09469500544359809, 0.032020595804236905, 0.05927584242821632, 0.04735245978646592, 0.04104599952742654, 0.01995817184586997, 0.05866275948300006, 0.02965153075738622], [0.044555794884890636, 0.03252726131116179, 0.024538486667835174, 0.02541866259413639, 0.02802564068168702, 0.061817411531485844, 0.02346522484985971, 0.028359971821267666, 0.046421810035254245, 0.05202282561156266, 0.22800241311767871, 0.04286929639005835, 0.059872774843343184, 0.03439017208361535, 0.03929825476473077, 0.05140090605500998, 0.040687618569605524, 0.04984781647106435, 0.051521166649444394, 0.034956491066308014], [0.08871962971540505, 0.02942764614338946, 0.05161174025952842, 0.1386631490084395, 0.03934322813231889, 0.030925623273296357, 0.03946320906193968, 0.04009915122242663, 0.02466843418516932, 0.03974850254924215, 0.03130298500089778, 0.05422605736970172, 0.033001764669725146, 0.054100761310784756, 0.028683736265989485, 0.029880237043655392, 0.056701327545450514, 0.1009824861992519, 0.04376846984465541, 0.04468186119873219], [0.07552178425999341, 0.05100689645422657, 0.029211799085277778, 0.054578282248878424, 0.02898746533691841, 0.07217009834282155, 0.05581346547173925, 0.03597805177745538, 0.06643820029405781, 0.04825945863914662, 0.04187213126912085, 0.03481087376565509, 0.044219883955469656, 0.06677921166189357, 0.03221040064026542, 0.04196980339856782, 0.02822407116185326, 0.11177972234132223, 0.04470525540546762, 0.03546314448986963], [0.019421756214575397, 0.05238211011584662, 0.024018126233532573, 0.016321504949723526, 0.03500074615029202, 0.06525805345231395, 0.0437989716684981, 0.057766737188699686, 0.038732682380181016, 0.04007752741896831, 0.035060854079668254, 0.03461201448527117, 0.2314606016867539, 0.06324476179062832, 0.052094371080440606, 0.05352065776418291, 0.03576783148175473, 0.02595503051425609, 0.045404479067921666, 0.030101182276490824], [0.04100897650855377, 0.043384130308465836, 0.03130931893693661, 0.022838670111920593, 0.027731567328998803, 0.08007329800519505, 0.025957737883722735, 0.027786646611163014, 0.0650176955316873, 0.05946613533955653, 0.16619377949929792, 0.05101429742644096, 0.07046633105693366, 0.04162190580688742, 0.03979211626318726, 0.050297177181420585, 0.036854634203098605, 0.04274133477828723, 0.05085337484678981, 0.025590872371456002], [0.10077383204359923, 0.04725038484205783, 0.03593240211284253, 0.037834125457141134, 0.06862143538511659, 0.055363933950297234, 0.023203705567562207, 0.021617343693095883, 0.04733982418938204, 0.05471026586448414, 0.06010770310583389, 0.06833698486255227, 0.04596695241714358, 0.05056227594129727, 0.03257090826452378, 0.05481318351239945, 0.038996404889679405, 0.05376995339871487, 0.06505989955988153, 0.03716848094239591], [0.08620197316825998, 0.0334863347736849, 0.03532160661045286, 0.177735992451505, 0.0349650745773666, 0.0387204369546972, 0.05413167610490215, 0.0470765486795116, 0.031708254221072193, 0.04183505273813849, 0.039605436189868094, 0.037518085422234795, 0.02747382335554401, 0.05373827497345753, 0.025009528628557053, 0.03739241105611714, 0.04340079082667761, 0.06893125265315292, 0.04517991913804337, 0.04056752747675717], [0.026202136282280786, 0.03342116963998087, 0.038538031695663125, 0.030921012286338104, 0.06961366899507809, 0.03703355158038129, 0.09048593407942142, 0.0656032039168124, 0.03823058068225688, 0.04412238233378878, 0.02194115785421943, 0.054202285725879894, 0.06007023341068858, 0.11306767903351501, 0.05494659177786405, 0.05617461567670188, 0.027983062454397575, 0.03566058609371077, 0.05360681682910319, 0.04817529965191845], [0.06491031902566069, 0.08182936830587804, 0.044728558415958034, 0.02953317200582771, 0.05374984633717099, 0.02870629929270448, 0.08283377085309784, 0.05787435532330426, 0.06195339800363995, 0.03736741222115857, 0.03256790855052179, 0.05396999686152976, 0.07272983827437124, 0.06722725205222708, 0.03659700355127269, 0.02916840935622422, 0.035285412500274504, 0.05708636708632232, 0.049332164332476704, 0.022549147650379117], [0.047511459602324155, 0.05784841362702015, 0.03785273076851397, 0.027312414969057106, 0.02862461805117218, 0.03699828088323167, 0.052647095704426945, 0.04444134548056047, 0.1522646590316052, 0.08471534373729178, 0.049344421181181444, 0.0486630285848873, 0.07735121325680064, 0.027533465753145078, 0.046678636921980494, 0.05646201008092642, 0.02530794846234567, 0.030451562239265952, 0.04954893562686095, 0.018442416037402196], [0.035542535657405255, 0.05057381424670974, 0.03049296696171804, 0.01985547731397088, 0.057306969837424324, 0.046297949831946204, 0.03724516401494701, 0.0450649545134258, 0.043258824574347675, 0.04742659822408075, 0.03945489907290831, 0.028566958588813845, 0.24842830003475633, 0.05675462331192709, 0.02959717003531979, 0.06067492127476159, 0.03049524818398224, 0.026292468543240716, 0.03982652771496985, 0.026843628063345455], [0.03480448655557871, 0.05052358740816349, 0.03929813494504646, 0.02947669864096212, 0.04382772302044184, 0.03458813967543072, 0.17588059534929115, 0.08686006445585713, 0.06572581744347797, 0.04477489637107199, 0.01899603096642385, 0.04154993249682165, 0.05295733519484676, 0.057673820619488066, 0.03726276285147661, 0.04294072425705489, 0.030734439650764046, 0.03925754135066239, 0.037961339593256226, 0.03490592915388425], [0.07360801356418724, 0.05183059327763868, 0.05249501478810189, 0.03230506379083268, 0.044964678934185764, 0.03469315195839102, 0.050715935440840444, 0.0358457282914021, 0.0783400800857297, 0.0813670352315733, 0.04328730789210143, 0.04931257486317035, 0.09612749340674887, 0.03943314417746703, 0.03513020682276817, 0.06367574399025955, 0.0266430540970164, 0.0447821750858898, 0.038096953388254584, 0.027346050913441406], [0.054887949364883594, 0.037703299521711996, 0.050072850714221226, 0.03792564363003488, 0.032762217279579495, 0.03737241955120666, 0.029896061220885922, 0.028584290397266333, 0.05037608978189527, 0.042345821467213544, 0.050045267729797414, 0.18013776270447115, 0.058459278265405604, 0.053154627076151685, 0.028967209289594273, 0.03789140607559908, 0.05475320445522336, 0.03707493620450613, 0.043427103405084794, 0.054162561865268175], [0.052516869654094925, 0.05823371425334889, 0.07364714701431271, 0.02999811985213738, 0.061671920162006115, 0.04310958381783087, 0.057235439444425135, 0.036082225312456834, 0.05429503695570501, 0.04291825060685875, 0.025314515223720184, 0.06825716474554969, 0.09649244944209796, 0.052799590105453716, 0.040639868809449, 0.03869764684055494, 0.04159422997907802, 0.028596147096576197, 0.060350271479601834, 0.037549809204741894], [0.05035963455430253, 0.028931965113969862, 0.037466755506156205, 0.03100697561485475, 0.04507671780435395, 0.0279154958272444, 0.034600762558567456, 0.018976584015379338, 0.021779904700706378, 0.033973466428254245, 0.030539773541475503, 0.042007341931763975, 0.041136804558577156, 0.058943644218447694, 0.02359459681009203, 0.03580567064575168, 0.06519272132626151, 0.036637852294193, 0.040274184072279604, 0.29577914847736875], [0.050163042787283174, 0.04645930724643267, 0.031383494669073315, 0.019287800351040038, 0.031650167698242186, 0.03377221705462856, 0.04800701481563758, 0.0392778950078397, 0.1722037052139438, 0.06971026555788475, 0.0439466848840371, 0.035606482223965195, 0.08148463080095301, 0.028305368235317964, 0.06406074889124502, 0.06641260827892094, 0.023646759141146688, 0.044295525849856715, 0.051882456351355785, 0.018443824941196316], [0.037733005340752954, 0.03814733852908834, 0.03127197310717546, 0.027643465073006586, 0.03330319986050519, 0.048755558984184544, 0.05429008505229827, 0.058872045037446884, 0.05213863306269324, 0.06829124316008374, 0.028698900291328093, 0.047039524773420494, 0.10250032277275777, 0.0652785142080159, 0.052083684223234845, 0.05234456082628859, 0.05579544928177977, 0.03815349970015881, 0.06524269829398321, 0.04241629842179647], [0.0803381178378419, 0.048484579972700434, 0.03369298374700722, 0.05186554741423588, 0.039298792571751825, 0.05031519328397581, 0.05077595236026948, 0.029713893449327858, 0.03167910260828687, 0.03129095728142711, 0.03992883732389123, 0.032986532784606434, 0.03855057568258717, 0.05245253648732154, 0.05424665239467767, 0.029375458614262454, 0.04190677250176287, 0.15191706462346424, 0.06092943003518964, 0.0502510190254122], [0.07614265486762689, 0.06120565108218282, 0.0428403321678372, 0.037088013667264996, 0.0333610082862769, 0.06371021464129939, 0.04566043493790126, 0.02489278834863494, 0.05966770923427377, 0.0455358517909735, 0.04023088985347748, 0.11980334043604098, 0.06765296569076362, 0.058000068479282525, 0.02875607294762419, 0.0417007239736212, 0.03599957583428409, 0.049892701273798, 0.03863239095535336, 0.02922661153148333], [0.05108449064271367, 0.038504977552351126, 0.1573867646124347, 0.0392591289653621, 0.046187801983449954, 0.03213785753040256, 0.03984976125353556, 0.038725098541075344, 0.05046123206344809, 0.04290725027502916, 0.0271881779255455, 0.07263702269890168, 0.06998579011472772, 0.05199159160161466, 0.0447547268491729, 0.03373783067861313, 0.0263647472202128, 0.04391538041584415, 0.05943820828950678, 0.03348216078605838], [0.04550480919728769, 0.16381089116879718, 0.03306396424555486, 0.026140318777855664, 0.03259533862848905, 0.047805199771092106, 0.04273340734402055, 0.051417938705108725, 0.03867993623884622, 0.034954972187038816, 0.031135579802412956, 0.04614635001513104, 0.09521773049063313, 0.06047453532194153, 0.060478617664065266, 0.03581216197294236, 0.040419021681760064, 0.0413128658116681, 0.03807482272763873, 0.0342215382477152], [0.03482408302165345, 0.041050763266995534, 0.027250450648151157, 0.026892965129269343, 0.056419867713900694, 0.043193602630469924, 0.03512937629085507, 0.05534797654898103, 0.0626720866359456, 0.1198977237019266, 0.0337828824096979, 0.03840136218679459, 0.06760709613903514, 0.04245592880448696, 0.03439963897485149, 0.1514987805744336, 0.025790716428314604, 0.026684519221946753, 0.04528893842284566, 0.031411241249444354], [0.04930023800133249, 0.04525300050694007, 0.047213806381460645, 0.027914025912068107, 0.0342318020359225, 0.024881248589349342, 0.06236238053717474, 0.03284012194859468, 0.17841344839140147, 0.07283943878202116, 0.04654468884864815, 0.0451669237754338, 0.07630307718829725, 0.04940463584155, 0.03281773836016805, 0.052471116675059104, 0.02123664742715164, 0.03171105423427938, 0.050700987403934306, 0.018393619159213923], [0.08263992035730862, 0.03308819537075984, 0.035506015652179555, 0.19877582492031665, 0.027326368483006, 0.04437759724116073, 0.044106355708024805, 0.04308149865633865, 0.03350741734294643, 0.04268546853495197, 0.040309534452908684, 0.04163970844344029, 0.023171598404849215, 0.050004572609313944, 0.024653122830877016, 0.03200905951339128, 0.04824107492580678, 0.07308346581700496, 0.04173556412612306, 0.04005763660929157], [0.05235877036611474, 0.03891642038256927, 0.03516395919331709, 0.03999680613708618, 0.03595537275573105, 0.05143904462581628, 0.050434947292539806, 0.04612600761691035, 0.10613664105776274, 0.08266034971287457, 0.04181686699024661, 0.03728409418485221, 0.03351591951393318, 0.05547488455706006, 0.033179463803761945, 0.049105150249505826, 0.029914374364048774, 0.08161291256466038, 0.07188853650066145, 0.02701947813054767], [0.03403293910689805, 0.03628227427623369, 0.02989475546690282, 0.025670947447658174, 0.029028571072396016, 0.037999988743235284, 0.058442016720060226, 0.1148871229828966, 0.07222829874557998, 0.06702752466479162, 0.032275632491859045, 0.03181925086320555, 0.060560561792281795, 0.037489894405300914, 0.11205106437863414, 0.06340417802751336, 0.028624744302104207, 0.041079020027265344, 0.06470076861279139, 0.022500445872392475], [0.08554519120064355, 0.021222363871232636, 0.04304759951198782, 0.03599959440233936, 0.0571937298609789, 0.02791611557526268, 0.03294226449838334, 0.026013000056085797, 0.03578102318871377, 0.04401732888526131, 0.03738518877290013, 0.04074574042962816, 0.06102078270901877, 0.044535353414695965, 0.02246484179150449, 0.04992318919494569, 0.08797938082582754, 0.047915934874939954, 0.04519442566018034, 0.15315695127546997], [0.09377762351557585, 0.032036012943891336, 0.04142771961484242, 0.05859162894709536, 0.045096572390572034, 0.06378210700445242, 0.03665822741071906, 0.024263940063569262, 0.0376766699586171, 0.043022370917050766, 0.03966778967381341, 0.040473963267511744, 0.03035655678006137, 0.06169726337519732, 0.039776396687324835, 0.04644158328125632, 0.03053785860602084, 0.0604468581274373, 0.1232064863419834, 0.051062371093007555], [0.021652293001123573, 0.030292880749340726, 0.060409421769074045, 0.04334824373174228, 0.039001986828086956, 0.030234560636280983, 0.09580678354855675, 0.18443989816725212, 0.04621696318085212, 0.04253248556923346, 0.01882419226210154, 0.04129548055827783, 0.05350282037887103, 0.043318724304815356, 0.04927638447230107, 0.04996814268447372, 0.02574155764726804, 0.031044318174077525, 0.05155725303393851, 0.041535609302333035], [0.035996435376923, 0.07189903383940895, 0.02842996938750154, 0.02234692073361011, 0.022843714189703275, 0.14764474862608248, 0.0271382221504843, 0.04865934011152203, 0.0486583497621774, 0.04717597282900935, 0.06375949461911769, 0.039456278538273694, 0.09321875573088, 0.040225918254888686, 0.060025557956257164, 0.04778895744884805, 0.037279441612301505, 0.03937230027334858, 0.043059955230375216, 0.03502063332928659], [0.029639388050863243, 0.0422345821039869, 0.02683354871550586, 0.025713137877820726, 0.029393813424191572, 0.14716975036313645, 0.0296701280706729, 0.055580468989573625, 0.057439159078306115, 0.052384852820218875, 0.07723412160406821, 0.037071685878161204, 0.06733691165051192, 0.037658175861016295, 0.05938701013758553, 0.05781120044821662, 0.031084094068509087, 0.053982693379478315, 0.052014217062329164, 0.030361060415847237], [0.02621439489133077, 0.03471753768909314, 0.029289771923510496, 0.018162466224500188, 0.0627521326263976, 0.039489248572267814, 0.04228009193586542, 0.0580948985880189, 0.03507088976601201, 0.0904241310211307, 0.03815778649053729, 0.035337361961847086, 0.1044449373186194, 0.03863580393102573, 0.06354571315992136, 0.1305062586082865, 0.030186016056276133, 0.030367230535408858, 0.04717730373522846, 0.04514602496472258], [0.0798459507102757, 0.039164911255969964, 0.03682360556986321, 0.030865016615325074, 0.027660187925128525, 0.035543018370094305, 0.05132436920332936, 0.03977245406534521, 0.1271812629971982, 0.05957482429418205, 0.03944972606430079, 0.03556998236297345, 0.07466608859874237, 0.020391653762694462, 0.059158644567394114, 0.053917459356851806, 0.0371977285307933, 0.06906457428544312, 0.04489206150597041, 0.03793647995812455], [0.02569877671194392, 0.03189306994604304, 0.04239280414272476, 0.02276332576391601, 0.040437112613384535, 0.043176337274240716, 0.04655106892788582, 0.09886153954546574, 0.031653404540776364, 0.0433668995220853, 0.02601120430542551, 0.03380894371936678, 0.09555364892879128, 0.04451161738778089, 0.15041985742363095, 0.04801592815594455, 0.03202987750047957, 0.032164812764676066, 0.0753853935393176, 0.03530437728611947], [0.059982412977478784, 0.03355238219663203, 0.055272828121545325, 0.05488299095091885, 0.031201996783205104, 0.0359788129166409, 0.03320358790452268, 0.024373764922662137, 0.04386472840799661, 0.0431602319638158, 0.037730016385018536, 0.20685282038068845, 0.0430044885798681, 0.05532592283736214, 0.025200805084694317, 0.03720972991234758, 0.04544543648044189, 0.0471830696626665, 0.03496332671992315, 0.05161064681157194], [0.0323572584780317, 0.042215442183375765, 0.028028139877001784, 0.027562963499406033, 0.042113481133706804, 0.036401373425822156, 0.05198091338052274, 0.10111360600241999, 0.056589219995143554, 0.09014844598549995, 0.03785737973381809, 0.04570466120759543, 0.0758882040105842, 0.050664157998194854, 0.03891156092111011, 0.11126388722388013, 0.02450609764176289, 0.035191410973626366, 0.048518095393852254, 0.022983700934645118], [0.06129454342583237, 0.057570085862523414, 0.03168281903313274, 0.03503110210219289, 0.029205601259624413, 0.06151513286323706, 0.04873099408558912, 0.07780554530909346, 0.06515132366138494, 0.03882453392283686, 0.025066184930898426, 0.05982689881845189, 0.06168784908016075, 0.063225347284062, 0.061933920673817595, 0.03624901262540463, 0.026151748931679323, 0.07120313460339929, 0.05457845794912742, 0.033265763577551614], [0.0348559905931514, 0.037754424209839224, 0.028780562785944992, 0.054450897047642874, 0.04914421122391455, 0.053449270871880436, 0.08009066466228087, 0.06698558779644465, 0.03652294834890312, 0.03345634286204449, 0.027567909318532785, 0.04112114456249032, 0.031209016125237007, 0.17916499896379218, 0.02984820725687799, 0.03094382542216904, 0.03743726613623192, 0.056508473135735426, 0.04789594209881365, 0.04281231657807372], [0.03785643341405742, 0.03537468714743214, 0.027407782504975275, 0.057222497974316215, 0.038122336192844504, 0.05324864624906928, 0.09272219434520602, 0.05630236526299405, 0.04511115090247432, 0.03737161138808586, 0.02867605119879994, 0.0426709979536352, 0.028060538495779108, 0.16856671679128266, 0.030386927703625888, 0.03034441190503805, 0.03618639008803701, 0.06447154388367289, 0.05142535062444514, 0.03847136597422917], [0.03837238749591682, 0.021091354529725378, 0.04209704116925118, 0.034190429069992805, 0.04872047695438686, 0.037165507612102675, 0.07735544154234984, 0.0507894572110783, 0.03450070773410713, 0.04514552461394014, 0.032004551810710685, 0.05375705703251604, 0.054639328665199445, 0.1402922278823463, 0.042320500662581875, 0.044857622329800194, 0.03401518011553254, 0.04919651899788364, 0.06342306106023508, 0.05606562351034345], [0.03142816283450491, 0.04581387047785005, 0.036955287188781334, 0.04217823991260043, 0.047459077658647195, 0.05944066194228611, 0.06643670293703187, 0.09901853563177505, 0.0364875598693722, 0.04288365648559287, 0.027711981183468532, 0.03728748843147722, 0.04831374343645829, 0.11969417122331108, 0.027562404535089013, 0.03687518648078784, 0.0479398082569622, 0.05405310245907865, 0.0465748596639187, 0.045885499391006626], [0.03210117860084326, 0.03542855445457295, 0.02679174594239691, 0.03232148629861539, 0.07286197738176177, 0.06234148122857154, 0.06698840192916765, 0.07082956691200305, 0.05357283213527417, 0.04092306570250089, 0.04170302567858281, 0.031154193346239534, 0.04963560271485099, 0.1272980742922989, 0.03193695867468621, 0.054470531183989805, 0.028139596380441938, 0.04716936198751349, 0.048781150936661945, 0.04555121421902712], [0.03335487408930126, 0.057426908583644735, 0.027083085205162442, 0.028509295769008736, 0.022086470449258287, 0.058124964349524064, 0.04414517408297744, 0.08230029498759686, 0.03752680919664809, 0.03584765941451765, 0.03609594172407572, 0.030858126413314025, 0.06118647805883106, 0.0314346703788867, 0.2132972227775352, 0.0362816336751388, 0.03048404844891138, 0.04519993206178278, 0.06442546247802701, 0.024330947855857585], [0.038781622835683156, 0.033120550045627306, 0.04498743767049873, 0.025788183433032377, 0.20637948494976702, 0.032419364547156417, 0.055094248852392315, 0.036980022494774924, 0.031260383175735006, 0.03459142621877885, 0.042437850865176714, 0.03691085853860878, 0.07134741163654526, 0.055104469907101404, 0.022591649635416284, 0.04957141059654614, 0.04409653976820303, 0.03230581946180307, 0.04777859729315683, 0.058452668073995885], [0.062246333386417864, 0.026819931777191795, 0.0367155791505022, 0.034742591115950586, 0.035265523156780644, 0.022590589051851757, 0.038199898094696504, 0.027051214944132717, 0.025777915111193875, 0.043640327575414306, 0.03613524330646852, 0.045116541851728004, 0.04643033073607296, 0.05056084573537386, 0.022372367199755074, 0.03624101411220351, 0.07192406416001797, 0.05011013273404528, 0.03091107365871136, 0.2571484831414915], [0.0870242009186832, 0.04358472167172771, 0.04400405167277129, 0.04461154804314772, 0.0398329349897867, 0.03625497327719344, 0.033505183673890104, 0.0295375680173227, 0.04914960335629773, 0.04745263575442553, 0.0412430710639593, 0.13786872819189683, 0.05610737075823242, 0.045650553826865364, 0.041345287370418024, 0.048020392517925004, 0.04041145965797485, 0.04134309089958126, 0.05943406841589411, 0.03361855592200615], [0.07022316183749881, 0.02134631424258256, 0.030287349553376516, 0.0563935536563799, 0.03299651956809303, 0.034008174070224315, 0.028452219407196583, 0.022902830265643104, 0.028221323761358233, 0.03198745023654468, 0.03376499451146725, 0.04164494288698076, 0.021695655234741054, 0.031405529663616975, 0.02445780830672183, 0.026375179417367695, 0.032136385091985326, 0.3457524220782869, 0.03360394639099681, 0.05234423981893765], [0.09337227458519215, 0.03288848658073905, 0.03593981551075494, 0.04817600527340329, 0.037883202981965326, 0.042336698205236965, 0.04409381096622368, 0.02864194315354929, 0.03800636374046249, 0.05454241470116198, 0.042146998678506575, 0.034139674145790604, 0.0398407567551082, 0.04033841418204356, 0.03214815748227409, 0.042039789468220456, 0.029495138636506272, 0.19727376965635415, 0.04783043736211549, 0.03886584793439144], [0.04943021100046674, 0.02960494138815311, 0.03248186200226064, 0.03199640878026512, 0.046541373626660026, 0.031424111265924246, 0.03294453117565124, 0.023952625316540764, 0.01996727787723876, 0.035146592617268504, 0.03324068734487039, 0.040673876714776847, 0.04139859862337842, 0.04903004128824105, 0.023850062392315317, 0.03237229519149916, 0.11275530624100953, 0.04017234776712041, 0.037400577475695265, 0.2556162719106646], [0.044222814940513104, 0.0409342429385873, 0.026465699881924327, 0.036184538841033544, 0.03315119088315397, 0.03601712394613772, 0.19646726653985053, 0.074290054937192, 0.050139573056289764, 0.04480097691430749, 0.02714162324792093, 0.03471342250733261, 0.05565860591663862, 0.061870995562394684, 0.04493749253695376, 0.03616769047773215, 0.03304965001640395, 0.04257437294096756, 0.05017384849016574, 0.031038815424500016], [0.03190153379163461, 0.062410537443115664, 0.03127139705558231, 0.0251228571210417, 0.0298277153227192, 0.12437056478555064, 0.042701253597179585, 0.09116508969700222, 0.06580771909436318, 0.03741032626109947, 0.04754101588841533, 0.036044444661060805, 0.10252899165444887, 0.03690724678350163, 0.0547926387392039, 0.04402401098865989, 0.027476379156227373, 0.043177385366997376, 0.04790063534198619, 0.01761825725020928], [0.03962645852048152, 0.060568545539883535, 0.05044651897629779, 0.03149763555491919, 0.03583553248198248, 0.05376646155194822, 0.04847455617868186, 0.030455060035391328, 0.04700422345777136, 0.03439358267538087, 0.03959978232489294, 0.16612245193098665, 0.07416957598689046, 0.07385288685769704, 0.027175060492022885, 0.0374966558827149, 0.038051372853206214, 0.03923242285445912, 0.03740486722555052, 0.034826348618840854], [0.022724415739645596, 0.05020420123444743, 0.031612390411121676, 0.017101180365556662, 0.03750442246165797, 0.06227291270686983, 0.03474401496651436, 0.04049829363168057, 0.05480959438539153, 0.07145103150695063, 0.04169982288905526, 0.031677830937753254, 0.1896821638342791, 0.0405631777726851, 0.06207024927017459, 0.09445108429356225, 0.026426579433229826, 0.027302694412524357, 0.0370346039660248, 0.02616933578087503], [0.05217887747884356, 0.07235186844064835, 0.05013457428379351, 0.027453423444937296, 0.056026137932543074, 0.022010725576535405, 0.09043436323108923, 0.06093502852617826, 0.0551353513721709, 0.05706263622112473, 0.026444070440181298, 0.037118184206874814, 0.10599409598496005, 0.058516178426134796, 0.035582658280237975, 0.056260179003287676, 0.03087038976814786, 0.03373394151168833, 0.042273686495742265, 0.02948362937488009], [0.03600064469382552, 0.03979784991741002, 0.027046067389809674, 0.02303443807905532, 0.03406201909198966, 0.059703036841417645, 0.040231362393820615, 0.06041299442863025, 0.04338669008653327, 0.04420575983445059, 0.03506296313230306, 0.02837083463369113, 0.07031216314377647, 0.036494330393037004, 0.1545112774260883, 0.04778975300670272, 0.027713541900705792, 0.045130591130717754, 0.11615374553720081, 0.030579936938835543], [0.03249451471362198, 0.057906159055009995, 0.027418006948124574, 0.033593177308469245, 0.022966906246182556, 0.22101441282809994, 0.022105270149423702, 0.04406717838449539, 0.03393014700380207, 0.034666822688606984, 0.06279345843639937, 0.040223490884238634, 0.06781759049823717, 0.04417633324459141, 0.05069448408195726, 0.03704786692859682, 0.03785532662049106, 0.044697975975699404, 0.05678907261117248, 0.027741805392779876], [0.04013486943976623, 0.03685671985283496, 0.02382598321044011, 0.020918187127353525, 0.04736877761311149, 0.04173646034132231, 0.034793677021150576, 0.03207989055328212, 0.0543741071347618, 0.12998120545849212, 0.05166840407908945, 0.03301198410462432, 0.07689561876596443, 0.0355234962891208, 0.0486118231233259, 0.15800355773778302, 0.02152305245681603, 0.03200956739715617, 0.04534179608081719, 0.03534082221278776], [0.034791732018924, 0.060065113540674585, 0.029189484221359654, 0.025477479623989628, 0.023891474903937414, 0.17682988786638304, 0.025116489416639545, 0.047564683797412424, 0.03693904967128679, 0.035884750253845014, 0.04914171044326342, 0.05419154487269371, 0.11018362529788348, 0.03999638285043051, 0.061908539125032795, 0.03361216033877762, 0.041965533890687044, 0.049950142184637655, 0.03440536352000862, 0.028894852162133073], [0.0626552683751416, 0.020887107251978232, 0.032867510524295006, 0.042086905641716646, 0.04712441611860387, 0.025161288436155893, 0.03914936880002089, 0.029074482953618454, 0.03468654292663112, 0.04889783188210758, 0.03614444191340457, 0.039741614188093036, 0.03543211063106062, 0.05652768458635783, 0.01803273197851441, 0.042421975183229, 0.04874906731569579, 0.08170442271822088, 0.03803815585010145, 0.2206170727250532], [0.027775581496961924, 0.06880819750219665, 0.029044060538705552, 0.020047429949988146, 0.03394206709238519, 0.057416752624548525, 0.03121904023455705, 0.04302998472909987, 0.029122440694123945, 0.04283785522769889, 0.05096402196299433, 0.0354098099650677, 0.2333125776832262, 0.0590741763151745, 0.04897692848799125, 0.051363250435349686, 0.04073117287875134, 0.022397593509118397, 0.0370650309917757, 0.03746202768028606], [0.07661214418519982, 0.01677007710179693, 0.06123855528947757, 0.04955957302043383, 0.06019790660213774, 0.020964372813461127, 0.02967798562302027, 0.02246143562995475, 0.046574697663783055, 0.06411072723280205, 0.040572392413830566, 0.0659721782395728, 0.04780269810159757, 0.04132042383410003, 0.02451395986574047, 0.05818919379103535, 0.051055545555263156, 0.06597132631965281, 0.045961913607463094, 0.1104728931096778], [0.2359646035745598, 0.026942569628838054, 0.03937354432957545, 0.04524819537280399, 0.029331831704437556, 0.020844248988477417, 0.04643152761633008, 0.03213414195377258, 0.05155995908443683, 0.04198370270483653, 0.031827852805642, 0.04591291495543455, 0.041009033122605267, 0.037074194089935834, 0.032323984472344074, 0.03632996244532341, 0.040900577348855084, 0.07176505174386277, 0.05204758241238327, 0.04099452164554554], [0.032347098004433354, 0.04022857196229101, 0.026980204806263484, 0.03734130439011357, 0.04690855775788863, 0.06490423444571419, 0.08975546195155491, 0.05831681548134472, 0.03644331171915695, 0.03206287774326496, 0.03129396253590296, 0.03618795793579142, 0.04342159579113025, 0.185138700507553, 0.02894689514324424, 0.03114606896633541, 0.03527073595437888, 0.05352486442819712, 0.0446470509059682, 0.04513372956947306], [0.06439112787047828, 0.019420162587395266, 0.03288840724196706, 0.04512416283382529, 0.0827713152068141, 0.02841649619778333, 0.038189516411008616, 0.03423606364018091, 0.0327774023370983, 0.04490119165305346, 0.05128336752331768, 0.04537892033520021, 0.03775499818501142, 0.07768967858743221, 0.026654853129205167, 0.058038216194678915, 0.047971341430080396, 0.05672463688539008, 0.04684962178330962, 0.12853851996677], [0.04846638844331977, 0.043744611957871896, 0.02414266492787526, 0.03414367471208481, 0.038525582095456715, 0.06323522745683136, 0.03300713684370608, 0.028039842451517093, 0.020434837506196065, 0.03134842307029134, 0.05039848088643473, 0.03940870651766716, 0.04886861181178299, 0.0860596931062962, 0.02651094841710455, 0.03488551681258681, 0.11389440455980307, 0.07474884166747696, 0.04109568922182285, 0.1190407175338741], [0.03238558750046577, 0.05217190331069196, 0.02279483409915221, 0.030276966064802447, 0.02331538507094014, 0.19047720087627604, 0.03540534371385441, 0.055186209357670046, 0.04498136282842611, 0.03782015784895072, 0.06997014980046577, 0.03108322202378131, 0.07034575785888447, 0.037935070526410264, 0.0592066838337474, 0.0497802161978824, 0.033070080291003535, 0.0489969490190739, 0.044405290974597576, 0.03039162880292385], [0.06860901493423704, 0.047397144908713953, 0.045515876732719736, 0.041506533840165866, 0.032118716087331196, 0.06874655530462698, 0.04120990662914645, 0.04353208757599591, 0.08941774025468094, 0.060276933417305945, 0.03498542429740469, 0.05741354537948942, 0.05204297102280872, 0.05658667611693153, 0.035587400140246944, 0.051589280484794095, 0.029531869904