[[0.07741251208587678, 0.049601352733774584, 0.023403100084292198, 0.03242576261417845, 0.09713666610751029, 0.04935595757264813, 0.05892823289966186, 0.052731535067578474, 0.0586652970315466, 0.05127442367969578, 0.04739603600068907, 0.029616385949434543, 0.05679081437752119, 0.0683146677394112, 0.030449898313315828, 0.046803584774663294, 0.03471944583777407, 0.060662157482327596, 0.041213606456372856, 0.03309856319172804], [0.09932293389257262, 0.03689840695526042, 0.041694347693456264, 0.12772891201997538, 0.04585077044882297, 0.035949159117092254, 0.04391550329052216, 0.04582495888420338, 0.053010631096405074, 0.048067723657775965, 0.03902646339147915, 0.05401505055003421, 0.041240359391999944, 0.04018954219755629, 0.03588620089796463, 0.0443860336153207, 0.029125365289114438, 0.07851762943638825, 0.03375463314197029, 0.025595375032086], [0.035165147808119065, 0.07499904781414245, 0.024845455214423485, 0.032972043790591134, 0.0599540374332834, 0.078091551655875, 0.045158266304389856, 0.09223230635533748, 0.037467393811983614, 0.033054765173944844, 0.03460849576416726, 0.04035256143192178, 0.09164418000361726, 0.0893488183483429, 0.04780399613647593, 0.02876813182279902, 0.04633758057652741, 0.04783888240643456, 0.029333204152716008, 0.030024133994907595], [0.03109937768296388, 0.033420771764717944, 0.03877796603199062, 0.019224756198877032, 0.30125280122586606, 0.026615416079877666, 0.027486705163725558, 0.0340640073789164, 0.033550396314460704, 0.04130465321810342, 0.04145255587342236, 0.026486910241271495, 0.06298308693544957, 0.05219373503622441, 0.02277142895345098, 0.04342256854615373, 0.04161850130002791, 0.023918898191823666, 0.045202100492352945, 0.053153363370323885], [0.016662178395461368, 0.03809429013885127, 0.02945513671182731, 0.012739593953632318, 0.045096032166337216, 0.04405897635129808, 0.029700650430914893, 0.050225674389119276, 0.023637328964393082, 0.02335032136876141, 0.029854591505851548, 0.031240183213536065, 0.39920785954724236, 0.02852143161392566, 0.07277248171261629, 0.02751116795356407, 0.028233373165619836, 0.018697956809181106, 0.027758030393670783, 0.02318274121419638], [0.03452265500084479, 0.03396308601408566, 0.029072554195757352, 0.023000113298658476, 0.2802427687829306, 0.032188795276748776, 0.027814225286996896, 0.03690347477241258, 0.038938590397947885, 0.046790087216883144, 0.05235496066650478, 0.030885432442211907, 0.04762790202927657, 0.052642967156988685, 0.024301295391070978, 0.048944000262303215, 0.04083409216980524, 0.035808047427959254, 0.045136859183718, 0.038028093026895846], [0.036901916252185446, 0.23145275835382256, 0.023124413714222913, 0.022225853866140125, 0.02911072297092564, 0.04907229556838959, 0.05632004072278369, 0.05814117320943669, 0.05550251423158648, 0.05584205325208724, 0.03654361677031244, 0.030588981068961896, 0.09605999856968755, 0.037574020205658365, 0.03312997930361615, 0.04712302089136577, 0.02851148766928743, 0.02704605296592593, 0.024689345244939948, 0.021039755168664253], [0.037548192651497336, 0.05930379777431964, 0.020083534351132498, 0.025075305842507965, 0.06064789905308421, 0.044839465814845936, 0.12204428057719892, 0.06743870549898036, 0.04023246442010763, 0.04634863394475868, 0.03944881872829376, 0.021506966115702138, 0.0826772660656576, 0.04850042375178947, 0.07317761898943681, 0.03642005902579916, 0.030290782860350605, 0.03397661559448775, 0.07993962956626967, 0.030499539373780842], [0.03332358226600078, 0.05237346704496094, 0.046310361230476244, 0.0237727245742415, 0.05203828600388697, 0.046066081916490795, 0.06025391106296683, 0.08919744104777133, 0.05238211855564809, 0.04542742469561747, 0.039202257904072536, 0.03137843373400747, 0.09648543936632083, 0.0410124748980901, 0.12187579912805581, 0.049502320817608005, 0.023795674508654645, 0.03893843568429668, 0.03823380424053428, 0.018429961320298074], [0.0622994320490354, 0.04382258382730456, 0.028622876080827222, 0.035377227732561474, 0.044876786806153306, 0.04942885526199558, 0.03409791979035599, 0.040539042310263465, 0.040411455112122345, 0.049392071498421265, 0.0838287761720532, 0.06206423348892887, 0.08905219393133994, 0.043567931079296456, 0.06981028131278273, 0.03574817665467323, 0.04867258804547478, 0.06045541750161354, 0.03708482694289394, 0.04084732440190267], [0.018846972451315586, 0.04600074317401654, 0.019509907575708103, 0.015357268661569817, 0.032521774032134104, 0.03895599690798617, 0.031357762825617905, 0.04775250361559112, 0.043053420613756, 0.06162635919785394, 0.03747090877807476, 0.021167875735535052, 0.3418311467035271, 0.037370334041046345, 0.04441081802946648, 0.05752623284971062, 0.03141666100337856, 0.022424962535556096, 0.02447981161266333, 0.02691853965549201], [0.03355651207917461, 0.16228460505980385, 0.03535261737670411, 0.022219895649843273, 0.05089199691534504, 0.03499935220220574, 0.034082427802489684, 0.04878403223258417, 0.030952238601965543, 0.047831708722469723, 0.036651803292391635, 0.05082827422405239, 0.14616388691664842, 0.03905299151024162, 0.05817510913567684, 0.03904664725863232, 0.0358700530778396, 0.025606659357519955, 0.03699782501326916, 0.030651363571142176], [0.08995792615411653, 0.06664708877273841, 0.025662238117169767, 0.03625130611350403, 0.029607626877200175, 0.03860350971697418, 0.047942692735956215, 0.032242475080052437, 0.09506542479834515, 0.07614006024532866, 0.0699226712188283, 0.04200528781062548, 0.05087936124609649, 0.03401122356876013, 0.03485096874301466, 0.04958029166841082, 0.03773147084676921, 0.07760180733130767, 0.03918965598675056, 0.026106912968051482], [0.054757915203632136, 0.02796312118950385, 0.028458489798271636, 0.06395628346769663, 0.039686209214520464, 0.04462877088072586, 0.045016956489025914, 0.04337885452740615, 0.027845363092001914, 0.02924837223948062, 0.038244852969895174, 0.029824213886917715, 0.03533249532663041, 0.055597182247395356, 0.05373504695846168, 0.024469578102472266, 0.03417386226194129, 0.0437342891920898, 0.25028569920929467, 0.029662443742636713], [0.03829673213573682, 0.030185641941281167, 0.06306039844450774, 0.027148897307315376, 0.03762641904389694, 0.03236836472424929, 0.03517260799285256, 0.05514609430336311, 0.04013198061918367, 0.0446876154164963, 0.045506716413105004, 0.040795655571304844, 0.09960026082457536, 0.033495211959251474, 0.1731221132805801, 0.04121643036592835, 0.02498095351002668, 0.03509874981561528, 0.08152088717537041, 0.020838269155359593], [0.036542072677423716, 0.03503677485802482, 0.059706731551112384, 0.03904440087601127, 0.03414478570295802, 0.035310007548130816, 0.059888603197261414, 0.09963230908814824, 0.036654694590191425, 0.03761141474623674, 0.029546552885007668, 0.03354429651717319, 0.06395054237365393, 0.029231268003845002, 0.19247705749358637, 0.03124369049074426, 0.03373830251656105, 0.041628586362641946, 0.05182527187604422, 0.019242636645243984], [0.03713742748975377, 0.02914887169750977, 0.08179415971398454, 0.037856558218594766, 0.046260546314652096, 0.04153379940625043, 0.048038484451454505, 0.0458785550890705, 0.03583074262512533, 0.04729898896823149, 0.04599378787062471, 0.0611047992315027, 0.09042088665889736, 0.0378250932031829, 0.11922758816843095, 0.03677530691852421, 0.02562211037914319, 0.03458982420558402, 0.07542671854049394, 0.022235750848989374], [0.030486646413867276, 0.036836415427092185, 0.021294485848529686, 0.01655393877204783, 0.3199635430322096, 0.028467374398108182, 0.03569933589477234, 0.0488662863919633, 0.03228696705325221, 0.03933510481744103, 0.03165075411296408, 0.03213245925556968, 0.07084762746970734, 0.05800923299221069, 0.02288672646071594, 0.04287651806381673, 0.03214111793258125, 0.022854622427425777, 0.046320393599159695, 0.030490449636565595], [0.022327973964056252, 0.03216702353033776, 0.03836304484948492, 0.020763816179704367, 0.03275812108934007, 0.03574507578616923, 0.04580387371403093, 0.07578002841911981, 0.03332045446684733, 0.03108304137733277, 0.025019373812226457, 0.036728572109870454, 0.06941144792639259, 0.033063421188430954, 0.302773564331132, 0.027871501884419354, 0.02791511412098445, 0.02910503379296676, 0.055216110420397896, 0.024783407036755887], [0.03843590368041661, 0.02653980763904148, 0.031341478986610244, 0.03377062454819341, 0.07118344594999737, 0.03554556783828338, 0.03715382442477193, 0.04039312551397725, 0.024633137334973684, 0.03879405673449155, 0.04628409329458981, 0.0302160575397592, 0.04430947708269458, 0.04280781402061824, 0.04070392927538966, 0.0396981770510222, 0.043417265243815555, 0.02741406459147677, 0.2726983183204009, 0.034659830929476165], [0.03181985953950037, 0.0353551758505578, 0.03099048325380895, 0.016718015289267404, 0.08864882058804902, 0.02791521981429779, 0.029729397651982698, 0.05364270686404585, 0.05097822503944659, 0.07419572510952469, 0.040975562286270806, 0.04783549922021241, 0.1474283370522601, 0.030327443869885208, 0.07595449413712839, 0.09424439386338122, 0.028042181597171086, 0.027657259481843416, 0.04204786464775813, 0.02549333484360817], [0.04651957877004406, 0.059965516519142066, 0.04985059468314311, 0.03151861795617278, 0.060778235287655226, 0.020441663253931267, 0.15317778691138756, 0.07360107650345614, 0.047498714939898004, 0.05645676729078844, 0.019979786543864276, 0.022528296892203984, 0.07925364222739552, 0.04972901323140922, 0.05141679730679725, 0.0510859497829228, 0.024443615952861715, 0.04153325344331297, 0.03291941633187892, 0.027301676171734648], [0.019731781913203846, 0.062002544365837874, 0.02558579102719538, 0.01615893542035687, 0.03516365714679945, 0.03878787162447551, 0.027527785910229582, 0.03849433245062423, 0.03006772665226963, 0.03842617311244945, 0.03806087009634386, 0.03219357812709017, 0.367473108005619, 0.05243464994948576, 0.04969602709927554, 0.031771696793993026, 0.026934332039804533, 0.016428736360577734, 0.031021849707572234, 0.022038552196796762], [0.049776688266387016, 0.03319142196371186, 0.026374617533323458, 0.03168410532923561, 0.05031834582692415, 0.037175308381800026, 0.029349262915218846, 0.031034089129687963, 0.019038965883988405, 0.024430679040746906, 0.044650913549520756, 0.03288529791877238, 0.05154406332168416, 0.07152059899550685, 0.029062447718247595, 0.022481970260687163, 0.2613985774737182, 0.04601299258644073, 0.04285333289499634, 0.06521632100940229], [0.02993379708708792, 0.047988130606251754, 0.02475011762333652, 0.026768277743732742, 0.0792528962930514, 0.054830544357807515, 0.060741267562579866, 0.10812507855210356, 0.047893694818001695, 0.05030745874083326, 0.04333352341326942, 0.03374145466500585, 0.07979209144218312, 0.07242737359676604, 0.043106214920586944, 0.054393341004594836, 0.02488217050481483, 0.050302190553255896, 0.032382514199693194, 0.03504786231504489], [0.03123967113873226, 0.044023401089982934, 0.04861334459214199, 0.02594639636660663, 0.05184602143527853, 0.037181266538497466, 0.041022594778731714, 0.16289257175602326, 0.04529137599125868, 0.04926011012693115, 0.03421568804339083, 0.03606996758099542, 0.11205563449037312, 0.027889240328830826, 0.0840810635380103, 0.04090827935565875, 0.035556814019133805, 0.019025239162173906, 0.049908216451592824, 0.02297310321565504], [0.040392117930564304, 0.0284067177378201, 0.021945646182001368, 0.023438262834545014, 0.032687098666901296, 0.05167894072874356, 0.02079487263791489, 0.026735331331995085, 0.047322156520548685, 0.05003888134847647, 0.2975999192034175, 0.03699116014765001, 0.05177296113138793, 0.029814520637921525, 0.03812956159957169, 0.04818441935407313, 0.03769055515117182, 0.04134250284297036, 0.04828907184938709, 0.02674530216293791], [0.0929096965207496, 0.02980989224575984, 0.0532962773200462, 0.15097256523538755, 0.04568491378555688, 0.028818425335778358, 0.038792805388230406, 0.044479441223836874, 0.02510177961888704, 0.03275678033825508, 0.0349151858367628, 0.05056131803101474, 0.03238927683458832, 0.04777197509077623, 0.03201854361874452, 0.026347908458693142, 0.05939280935997074, 0.0911249831628, 0.045414062033213215, 0.037441360560948586], [0.08380163941681859, 0.05562953491659261, 0.029021376779213473, 0.05871624768028572, 0.031647253414127004, 0.06877578894548562, 0.05957191738782943, 0.04020455813822297, 0.056833280365693246, 0.04943828607902946, 0.043408538582772216, 0.03198868401878299, 0.05252002250424346, 0.057624529062912114, 0.03988432585713529, 0.044618349604434115, 0.02820760770427442, 0.09640753385410165, 0.0409922090319574, 0.030708316656088565], [0.014926106722895653, 0.03921405256170944, 0.0186066112344372, 0.012049295577141378, 0.032261463601195584, 0.04498943404616822, 0.033725959581770285, 0.04828112267920454, 0.029251786292416065, 0.030516929221560286, 0.029414368137196535, 0.026068089836963237, 0.41579986358579796, 0.04647084613195941, 0.05456951833515056, 0.03153589524587441, 0.02776635354386327, 0.018418292921770378, 0.025683449342454652, 0.020450561400472307], [0.03169578453446893, 0.03555731536476744, 0.025944455966019138, 0.02073881454321538, 0.023342822641870323, 0.06120152299764601, 0.02200621170464078, 0.029282211505723278, 0.05339062433766216, 0.05022903941570637, 0.29003004669981103, 0.047904614800212006, 0.058635818201787544, 0.034495999115666566, 0.04349518157728885, 0.0552154668579984, 0.03007483200652718, 0.03170649096550879, 0.0344623914293527, 0.02059035533412736], [0.08046767872481274, 0.0576467684124099, 0.035788463006783205, 0.042082042395803605, 0.07664703550335074, 0.04632947822883105, 0.018993271578596777, 0.022035662408925835, 0.04312302721010211, 0.05092794553996697, 0.07009329010248558, 0.07017885321504787, 0.04398525121642552, 0.04849012997087984, 0.048093865244893244, 0.0617187645673842, 0.036629149379610114, 0.05009762123168272, 0.06246385891227745, 0.0342078431497314], [0.06629742931579694, 0.02970811941039536, 0.028072306119521027, 0.3210300279484966, 0.02697071410605412, 0.029050827782313975, 0.050044600628749325, 0.045813724553538646, 0.02416183275008286, 0.03238825274875159, 0.03354735505645094, 0.032899755804414385, 0.019092499098374006, 0.04126778332066354, 0.02702617856107912, 0.02989723414023073, 0.03438071040954496, 0.05311178991183836, 0.04021661501784504, 0.03502224331585797], [0.01974987482142777, 0.03758423859467585, 0.030279528876649135, 0.031594718202147744, 0.0847367345475511, 0.027966446831213146, 0.10416475337261948, 0.065230239632855, 0.029604967588970636, 0.03493513764821488, 0.020330760766709397, 0.04740476666040852, 0.05575854219083438, 0.10733628977739644, 0.09006591979050409, 0.07907310796427058, 0.02335534909227638, 0.024846834169417485, 0.045747835965282445, 0.040233953506574785], [0.047674928258869285, 0.10543379748515272, 0.03984347064256805, 0.04127423911454693, 0.037581032769707465, 0.021548023827489465, 0.15775188953718547, 0.06447858666906096, 0.0507867538525089, 0.0288138851842333, 0.03074917017354439, 0.051588004358718555, 0.04908780421903052, 0.05672186197499369, 0.05383754624709872, 0.03893735959541492, 0.027140775937826173, 0.04577928063218892, 0.03291460231144549, 0.018056987208416114], [0.033596534373452294, 0.09049459625988514, 0.029584223364376275, 0.029495841250963512, 0.02235792977890104, 0.028170986994836358, 0.07438402052124574, 0.06900616140941375, 0.14413377084305204, 0.07074396338772371, 0.05131025815131662, 0.043481424023234135, 0.06360291446807376, 0.021908281279512706, 0.06607158748476633, 0.0689173329626603, 0.016616561361042673, 0.024290984066166456, 0.037716702429822516, 0.01411592558955507], [0.020313906722279736, 0.04895442432243018, 0.0197424565848011, 0.01629286503811366, 0.04083237336018565, 0.030211955077151697, 0.030585793037963556, 0.04232815741937294, 0.027869201175283968, 0.030765439958128627, 0.03135233371388632, 0.017481545225168857, 0.45532228541296615, 0.0407689927818859, 0.02614606684791225, 0.04835304113060394, 0.018512169379595295, 0.016380648265612474, 0.021591435754037935, 0.01619490879261909], [0.02347709561092204, 0.048049894050084224, 0.030507654511537724, 0.029295050616986864, 0.029787002736670027, 0.022763555114022376, 0.331337033944726, 0.10133402965388637, 0.043319780666220824, 0.028768987655119187, 0.014135615341857593, 0.033238004023142385, 0.036344921191864374, 0.04387061331934771, 0.04278695435304075, 0.04204864239817514, 0.019389024999132733, 0.025027979029449254, 0.027788470402325887, 0.026729690381488206], [0.05513145790252893, 0.06914136626088081, 0.05570988433111368, 0.03561323012231092, 0.02962284226592661, 0.027986936231875918, 0.09754552372323973, 0.04169676601205684, 0.0690031772927597, 0.07181065874694294, 0.039916700889463634, 0.04419632123708098, 0.08742583884522065, 0.033332279310466735, 0.0553786562405232, 0.07854002102371878, 0.019312434143054332, 0.03939080440321268, 0.02592020438949374, 0.023324896628128373], [0.03782106718145045, 0.04319536671107284, 0.04478384924823149, 0.037928704262439286, 0.02535933475917327, 0.026629264121925317, 0.028998145132145468, 0.026308499144357244, 0.03799234201909284, 0.03262345125311865, 0.05914893226984902, 0.2759809590474079, 0.047185633854973666, 0.043903984739782, 0.04451432130859201, 0.04357230184531061, 0.04197171210115032, 0.02833743761967702, 0.03137522976755444, 0.042369463612696744], [0.036974430140416896, 0.07002285954733482, 0.07756049461134387, 0.030882584928638664, 0.051336090962547584, 0.032917867224941486, 0.07175831961547557, 0.042173858059412775, 0.04165519676813632, 0.03285883358674381, 0.02335763069211272, 0.06295991734455728, 0.11923736710810592, 0.04710753793030838, 0.08360725870534624, 0.045777271081457606, 0.0317179838971874, 0.02219383645627917, 0.04759635258765462, 0.028304308751999435], [0.04315518969283428, 0.032409638065096294, 0.030385498753962174, 0.03028264817629531, 0.04091178514933078, 0.023647690456771977, 0.030119169299404273, 0.02118261484283137, 0.018193007827227013, 0.029691156551938463, 0.03185963085919453, 0.04233623567726189, 0.03218277416173884, 0.05436925331598127, 0.0239899326612122, 0.036198864366765796, 0.07037792369484022, 0.04068059087730832, 0.04690192508599593, 0.32112447048400783], [0.03889053520741018, 0.04693035428633197, 0.026168866413777084, 0.018723791235036275, 0.021933628753930116, 0.025938125916812858, 0.06934969830345374, 0.04591271834005416, 0.1821667574856165, 0.058510205921649724, 0.044394426816945255, 0.033058596400093156, 0.07825025434532774, 0.023333010911580132, 0.10186885759832262, 0.08698751802051977, 0.017211353216186037, 0.03612168981061255, 0.028993920274427216, 0.015255690741913791], [0.02689065449859257, 0.03603349751030936, 0.029593347427548843, 0.03253370516436268, 0.028081047350248658, 0.03643844823625649, 0.06536515902549841, 0.066986940896524, 0.039946758387816104, 0.05607934219552926, 0.02780777693336673, 0.04249668460307991, 0.14478166090766872, 0.06044124407491445, 0.0977252866065351, 0.05775717932310252, 0.04833717000747274, 0.027170152518123807, 0.04119411601543652, 0.034339828317612724], [0.10879095520477017, 0.05280252027005556, 0.029300223733458756, 0.07775073918443355, 0.030202738839306697, 0.0446945367294248, 0.039566810870620084, 0.030457597875396702, 0.02849991381123282, 0.027670388988038988, 0.03799355319497951, 0.027411894293917022, 0.03158167438385408, 0.04865484303663714, 0.07152203118585108, 0.028853290727943744, 0.04961893544783261, 0.1288759269224192, 0.05048639677172351, 0.05526502852810301], [0.05856209013443031, 0.08146462200725738, 0.045082858630867716, 0.04412214134667872, 0.025541039043109892, 0.05326496519825251, 0.04708334497165681, 0.02578406527108124, 0.051055299199076365, 0.03727791064559126, 0.04225788700103675, 0.15003896610787149, 0.06952760125876928, 0.05061262824015933, 0.0422728105839367, 0.04366853456321028, 0.028691840444922005, 0.04418868382129877, 0.03437935786283652, 0.025123353667956178], [0.03591981340864552, 0.038138009789087685, 0.2439037967521814, 0.04180890787735487, 0.029958765850719018, 0.0257943088033483, 0.05428897423055377, 0.03484890788059888, 0.04067414819867575, 0.034980493792916754, 0.030033537398907975, 0.05581902427180525, 0.04692844133720677, 0.04518099378865962, 0.08272624152409441, 0.03695263544602734, 0.01912502186814051, 0.03252345657220971, 0.04245632440910024, 0.027938196799766644], [0.027471959127662225, 0.3599509625755892, 0.019592731649114726, 0.022833453193401236, 0.0217210842538918, 0.03265640380589794, 0.04349971061620298, 0.04727154868412065, 0.02537730226016365, 0.022389894651063193, 0.024740969877544282, 0.033495216549237455, 0.09287046503725993, 0.0403965807663249, 0.05671546095053667, 0.02985627395614794, 0.027258873520989112, 0.025298510533997932, 0.02305248251800173, 0.02355011547285249], [0.02565925651400224, 0.042361975762358256, 0.021630012597272597, 0.02489921810749949, 0.050142196304281454, 0.03369403696685517, 0.047283860492512146, 0.06410965427750716, 0.057257682584313796, 0.11058961293279078, 0.03419899285060192, 0.0334930066998243, 0.07229554456840352, 0.037671513570101844, 0.039839154515530835, 0.2094620620421202, 0.020405444212046972, 0.019972161172451968, 0.030080247601647674, 0.02495436622787805], [0.03908412174111437, 0.048086841453289224, 0.05269140709520049, 0.03170820649758406, 0.021901740289537088, 0.01993646105666282, 0.09326405612897423, 0.036100113302945616, 0.19128943257538578, 0.0643166107355027, 0.04968297133693437, 0.04287661912311477, 0.07230709462361665, 0.04489954598161796, 0.044010579468586115, 0.05816130839147297, 0.014865601862617038, 0.02723554653422867, 0.03219005085810609, 0.015391690943509085], [0.06833376607485288, 0.029665543835198965, 0.029082463535509508, 0.3241341912406779, 0.021152762310306945, 0.03308683063431254, 0.04001795692799398, 0.04307581785013231, 0.025528026422649234, 0.033847275192081576, 0.034803450133417804, 0.03937372815594947, 0.018842211976582545, 0.03889867479730594, 0.03320770329808466, 0.026508203545158426, 0.036216934197999075, 0.05488796056268766, 0.034271615080925515, 0.03506488422817356], [0.053609932647364356, 0.03855495596224496, 0.03330397534564251, 0.050384729643160965, 0.028461694089205663, 0.04400473535377088, 0.0762841319106242, 0.05182329658511558, 0.10626492683989607, 0.08193042919670598, 0.04437190784775764, 0.03289908734116198, 0.027872078898188206, 0.051975527666490225, 0.054362502605434175, 0.0603105265429867, 0.027670839489849594, 0.06778914171656311, 0.04305247321390972, 0.02507310710392719], [0.023348928373773503, 0.025266514057011615, 0.023237742342271436, 0.021325452729425536, 0.018454879758924667, 0.023467904953461523, 0.0672292790320429, 0.08866697080313377, 0.05276508230682764, 0.04953989688430804, 0.025301241892613673, 0.020629069442774463, 0.04021314393424748, 0.026445511323113596, 0.3337404068831438, 0.05981031497160606, 0.019158798242056154, 0.02530227892902181, 0.03987365964103737, 0.016222923499204414], [0.06812712345961366, 0.02182897086402435, 0.03880656888116809, 0.04214285606592011, 0.05689862873872248, 0.02247173553848204, 0.0441624126846445, 0.03376177822131782, 0.03011151310938769, 0.037490916809806506, 0.035977668956962285, 0.03900213110825246, 0.05970173741708756, 0.043391132828400535, 0.03797435966871855, 0.052581346494107714, 0.08966977190420644, 0.05696282729591814, 0.052294849626163514, 0.13664167032709568], [0.0726471052522638, 0.03947446443945244, 0.03807742842669401, 0.05855782483354956, 0.053192031269238264, 0.05728740518030858, 0.036332929779745816, 0.028256937716678615, 0.03338235149691309, 0.03877894574537514, 0.04182415403749039, 0.03370973362895819, 0.03318226747495267, 0.06341289753384767, 0.056584171413036295, 0.05069011080364154, 0.031043447499832046, 0.05556741983019675, 0.12760555160825449, 0.05039282202957103], [0.015576498438216431, 0.030359130790489627, 0.054626861830339525, 0.0470998992761478, 0.03955153869020277, 0.021342069968543896, 0.10701304654173462, 0.23835254969119016, 0.03306059974465886, 0.030893618881753026, 0.01632955088470971, 0.0315528856624002, 0.04777089716017718, 0.03551742857999824, 0.07309529765871556, 0.06721043570304315, 0.016352210941815215, 0.019962451133257578, 0.042305272109909586, 0.032027756312696776], [0.027644611100870322, 0.07633910984328941, 0.021338162600572547, 0.018729564340966048, 0.020303429772696037, 0.13350665970865463, 0.02308817678557018, 0.06412274651598959, 0.03738941186976117, 0.0370514295464492, 0.08640344267993483, 0.03439876104087719, 0.12402222634513516, 0.03269981402818911, 0.08961851881370982, 0.057279359458544524, 0.030601530392981843, 0.028315725878766514, 0.027396162063779726, 0.02975115721326239], [0.025346389975206614, 0.03343048609127596, 0.020910818348727947, 0.02260057021383705, 0.02643123640580895, 0.12491935473102792, 0.02631578842779352, 0.05644117374638361, 0.04784594637792411, 0.04463396368957329, 0.10301825959601839, 0.03377322606658933, 0.07255135944456922, 0.031414560075608014, 0.12752748950706594, 0.0754749146742657, 0.027476742294660635, 0.04095842173901748, 0.032702358938048154, 0.026226939656598305], [0.019929037782165187, 0.03866802339739476, 0.021994701622151037, 0.017880629139513115, 0.07953388995735375, 0.031063649321261714, 0.04261579454333667, 0.057756586804560764, 0.027580980474084898, 0.07903163337001252, 0.0399409075137451, 0.02801926896272329, 0.09632082629390928, 0.03277831259460429, 0.062037606035306454, 0.2031971392024018, 0.024750969766248652, 0.02190053358671222, 0.03929265277670458, 0.03570685685581057], [0.06124332974939603, 0.0416003804150975, 0.03456403675954762, 0.03194275136586415, 0.02087465389014765, 0.02669061326827265, 0.08407132795701337, 0.04247274702741535, 0.11754994777402586, 0.04843188628455462, 0.0381090645250578, 0.030313117124877026, 0.06429760397017426, 0.01568644114334965, 0.1280302095042597, 0.05981157735813848, 0.027874161257790946, 0.053608994488372044, 0.03791773430486982, 0.03490942183177558], [0.013302779786023164, 0.022187811194062254, 0.026861076108255968, 0.013872714232053843, 0.030810650127074478, 0.0246239582224215, 0.045021666865782045, 0.06743309161912855, 0.024300908499598498, 0.02412196858401305, 0.01756819057443044, 0.01954853849737479, 0.07036978206927788, 0.0265600121796823, 0.4284459984424852, 0.047411260456760515, 0.018177288109947762, 0.016341076812685817, 0.04129799628150258, 0.021743231337439523], [0.04115800430749228, 0.03595088991697015, 0.0455392404746627, 0.05341613274869025, 0.027104156036881957, 0.024342286664597947, 0.03159607580057597, 0.021614513798477508, 0.03863943894859703, 0.03263643641327976, 0.03944976728949931, 0.3411213954520028, 0.028998128168276578, 0.04152255374627136, 0.03158196632940728, 0.03326825568909525, 0.03290600710930124, 0.03444308350710782, 0.026525096771156692, 0.03818657082765583], [0.021926411955466275, 0.04464779944627795, 0.019540671313258144, 0.031479945329262495, 0.03780302289814245, 0.024611466378124124, 0.07241738388942197, 0.10501142057684097, 0.06650972742149537, 0.06448088557658342, 0.03426558619292257, 0.045168375695396216, 0.06556197647365924, 0.03562137861599084, 0.04198163208336573, 0.20504334889445006, 0.015490109687622712, 0.023409619507349634, 0.029644576961723137, 0.015384661102646685], [0.048251124723777045, 0.07355815452191777, 0.02525523456056292, 0.03932402863582338, 0.02271218251528007, 0.04467302246878598, 0.06356810479476724, 0.0691007809037298, 0.08836714645386842, 0.028752304367875476, 0.02359442375352438, 0.07001246789129406, 0.07559195041256918, 0.04621593934626326, 0.11698322584421905, 0.0359086054777566, 0.018126252143448596, 0.05181092636018482, 0.033684974428552644, 0.024509150395798623], [0.030901458728786996, 0.033959479121988115, 0.02440163548877746, 0.06701381283655695, 0.0599391561151657, 0.044860486281948435, 0.08297700871352219, 0.09110662184381743, 0.03117484160048245, 0.02732017398010678, 0.02426181686984294, 0.037861813813763766, 0.025809852150022246, 0.1616128951289649, 0.05983523812729185, 0.028788033082729165, 0.03326920459209504, 0.04404122339109806, 0.051494730365071434, 0.03937051776796838], [0.03568643963770483, 0.03299366018230161, 0.023890024839553874, 0.0674434224171496, 0.041867919918877665, 0.04535451903909521, 0.099017190516791, 0.07187591240914216, 0.042832016004894495, 0.03250758183938101, 0.025593199377585148, 0.03650312600008322, 0.025201025952340538, 0.15867104433457507, 0.06214619400241153, 0.02360763039924968, 0.03236965032880386, 0.052803317970203045, 0.05415539210784254, 0.03548073272201357], [0.030776383767096672, 0.021002113456965805, 0.03661651847224675, 0.043341815862357434, 0.05204787159119333, 0.030792776093522944, 0.09112009621649658, 0.0682504988814003, 0.033092070880268915, 0.036757729721543966, 0.030335650499985243, 0.05011850120276228, 0.05556622983375175, 0.13091436061313205, 0.06491509616786398, 0.04560546666928749, 0.02907529728707475, 0.03889960173409934, 0.06321826617433877, 0.04755365487461179], [0.02549809141189745, 0.04828626837376514, 0.030834119074066135, 0.060073378422576956, 0.04504460315392409, 0.04961201545798416, 0.08593803580169806, 0.1263837113100077, 0.03123740261730165, 0.03474958131462449, 0.02344454023148954, 0.035008045566784204, 0.05692704556941411, 0.10306199992526438, 0.051115849116684875, 0.03582083673180406, 0.041395383392575244, 0.04129664617512666, 0.03489935222493408, 0.03937309412807658], [0.02715583097683399, 0.03472111851537572, 0.019971758904655003, 0.03268774986943484, 0.10924910918663154, 0.05340801693848163, 0.05943986440197682, 0.0931341020058161, 0.05240893546873494, 0.033074441292922085, 0.03950666169736317, 0.024594103392741207, 0.058812679120180476, 0.11868618412196778, 0.047217126375085704, 0.046806691439505055, 0.022977710725637788, 0.03686988879553388, 0.04905048143692889, 0.040227545334192975], [0.018156907538767458, 0.03613326339193562, 0.013908226583108103, 0.01806755440713687, 0.012663190808882684, 0.031515613131672476, 0.035581482807624874, 0.05362027933333901, 0.04056397895350312, 0.01916103808158944, 0.023475464837602295, 0.016159647879240915, 0.04522554237144158, 0.015767141415283077, 0.5099524111148646, 0.028383556979483814, 0.015993191280420753, 0.022348264354307944, 0.030605475094334807, 0.012717769635460816], [0.023616583655595918, 0.030850843350101416, 0.027804961862815454, 0.024454892453643635, 0.3943253607522825, 0.021283976214570156, 0.04314100509755636, 0.03451258782966101, 0.022280094143068627, 0.01892976628332522, 0.03418868505855222, 0.02925865645962856, 0.0521892304954206, 0.04123824851378902, 0.014250811245893344, 0.049975773055694034, 0.02877156897079834, 0.022197526200988856, 0.04892877889947124, 0.03780064945714424], [0.05536292030585021, 0.031623571654509845, 0.02896979142183139, 0.04254315341613873, 0.03133060951912535, 0.01674082981185595, 0.038202074110315114, 0.028058621099753413, 0.019185472379810543, 0.0383381616889834, 0.03572174328517166, 0.04825799601110206, 0.0405513621050875, 0.04896865976942538, 0.023752290814448348, 0.03233042575561523, 0.0670966538478629, 0.05351707512318962, 0.03349592119126759, 0.2859526666886557], [0.05548239889121851, 0.04715192579487575, 0.03600986881131296, 0.0429417213010237, 0.03146931399745106, 0.023179707003316462, 0.02663904900894308, 0.02397530950680498, 0.048383678871735024, 0.032594734187402344, 0.03561320669339932, 0.28714877868048255, 0.0405407569583749, 0.03133951946702284, 0.06906481830906247, 0.04183280149494235, 0.027838559528396773, 0.03149437472301996, 0.0441675121255699, 0.023131964645644775], [0.18802869668991815, 0.021183365392765035, 0.026271863910843556, 0.09040992105203183, 0.03232403326788024, 0.03292206471761393, 0.028583291339391827, 0.021160319949133026, 0.02702054867276733, 0.03428919102046607, 0.039044812375574334, 0.04219440190567448, 0.017502573931320348, 0.03241776790827611, 0.026402489908735994, 0.02196498476438885, 0.034276555824002186, 0.19123130773985597, 0.03094313478240837, 0.061828674846952696], [0.1592525684445677, 0.03246273863051432, 0.03718590428791236, 0.07677648058676557, 0.03032193474823036, 0.03667047040018915, 0.0493188477883698, 0.024510627413903953, 0.033070804165738966, 0.05431869603964396, 0.04545785809119758, 0.040102966824471016, 0.025059611867954773, 0.03541330264052433, 0.03550304042547227, 0.03435077725817564, 0.026305204999603822, 0.14724028347634713, 0.04255911339958762, 0.03411876851082965], [0.03873934602210458, 0.03335496516771084, 0.021598365434403095, 0.03484054386570088, 0.04715164535411644, 0.023726081006226606, 0.026488087187331717, 0.02668843414673067, 0.015057352978890349, 0.02862462716749481, 0.031892909948253625, 0.04409818865632969, 0.03438441109415713, 0.046924932793519177, 0.025589195329767687, 0.035384486348071155, 0.12055415481336502, 0.03751088525770058, 0.0379520515373346, 0.28943933589079157], [0.03009492204424519, 0.040087055062972256, 0.017144687851706985, 0.036867721342195306, 0.028886102261596717, 0.025729996462091804, 0.3273312393062048, 0.09483826197853536, 0.04641353423570691, 0.031768846058316334, 0.01903791208871031, 0.021348983164304836, 0.04294356732409447, 0.04664763452350186, 0.04536809233935796, 0.026523090616801775, 0.021204822961202224, 0.029469882957319744, 0.04582850999900151, 0.022465137422133928], [0.022679587835229373, 0.051749024385334554, 0.02257955663245501, 0.022821617871187527, 0.022917922932257306, 0.1065957858243007, 0.0476144874527703, 0.12446753506998726, 0.10826643675242609, 0.024282528045812844, 0.05450333560263204, 0.03432048393927128, 0.08343828059884664, 0.026166904544447072, 0.10224279384006713, 0.06372560559591432, 0.018853367480490674, 0.030338966143332115, 0.02064827618637253, 0.01178750326686611], [0.027349356103984375, 0.06013471117603614, 0.04655776372174019, 0.028025638124989614, 0.027823713836344917, 0.043383654865238534, 0.048105806837762825, 0.026489886142274044, 0.05823243973955987, 0.023384317260146083, 0.04300525576662726, 0.2789880005040882, 0.051966889597952225, 0.05824831121049771, 0.032442246966611285, 0.03956507561579349, 0.02815210161179395, 0.027675303227163994, 0.024380614769358603, 0.02608891292203745], [0.012910146292160415, 0.042276852583173076, 0.01922537677366017, 0.011316799117710224, 0.026813645965978378, 0.04048073138324627, 0.02988567416582565, 0.03421408157430606, 0.06854694890579317, 0.040169807741002844, 0.03292478766912769, 0.023957752234653976, 0.3061669720179681, 0.023759096037478156, 0.09028140168467548, 0.13283600735042922, 0.015066619508195597, 0.017166414837602444, 0.016441031457464853, 0.01555985269954907], [0.03127515940124569, 0.09330909271094556, 0.038705780975835075, 0.026087061392452114, 0.03651500028952524, 0.01417469966876691, 0.2769404490265451, 0.058304236856505424, 0.050768607691654616, 0.03487153134843201, 0.01831827940330134, 0.03364765439803546, 0.06262878471790276, 0.03764391656221657, 0.035818576983366004, 0.06771853139635206, 0.01829496921428062, 0.02243932466536308, 0.022624171734879305, 0.019914171562394608], [0.023420014587799107, 0.03150659075241333, 0.018258133994433268, 0.016496921802607978, 0.028453009932310286, 0.04206794577984836, 0.037438582804126354, 0.05321020163811798, 0.04767551813737195, 0.031073461442479702, 0.02955700812828057, 0.017759572108913452, 0.05944796283036036, 0.025027010573894077, 0.34642990058362205, 0.05159272664720794, 0.018795894115098143, 0.02726415259500763, 0.07369877589513893, 0.020826615650969375], [0.026867679847681666, 0.05839097617843245, 0.02223068267208323, 0.03479232614208825, 0.023894166903108787, 0.22344678914192728, 0.018861820657239944, 0.04778037656362878, 0.0369794537444214, 0.027697276117832525, 0.0843834938785942, 0.03838943701698196, 0.0806232663890413, 0.03738294708185033, 0.07556035475929694, 0.036832836428106426, 0.033306613328207176, 0.03502384993121922, 0.03533543649912283, 0.022220216719134506], [0.02656448935111203, 0.029957424629183396, 0.01656605232885543, 0.016229533944290005, 0.0457363080931506, 0.028661654801311432, 0.023771417488014555, 0.029454391285699426, 0.04658958540470049, 0.07296895321188641, 0.05018793195019512, 0.02931341755729766, 0.05857717825206074, 0.02482577846051427, 0.040725489741997745, 0.3698280610669107, 0.014406415491294485, 0.022701978510415017, 0.02876006006905709, 0.024173878362053817], [0.026195591281949333, 0.06536079039018668, 0.02123196779662539, 0.02351818202781592, 0.021524294153694938, 0.17047751471720382, 0.020000686603975863, 0.04103314412443403, 0.048323112488073354, 0.025650678214242523, 0.06008429964346608, 0.05874322562602854, 0.14351683821528793, 0.02899127065407839, 0.10107794826422749, 0.03158688538988145, 0.03330081269269883, 0.037999332703793146, 0.020139587466318283, 0.02124383754601754], [0.07017055528359, 0.020536949678952022, 0.02859753809399083, 0.047096397764881594, 0.04621526664526803, 0.019970951067005752, 0.04488326883326391, 0.03350212766760421, 0.023664755856318866, 0.04540163357096005, 0.03684172784157144, 0.04078227323128602, 0.031554943732850164, 0.05740012436534913, 0.021088151467618964, 0.035267110635712764, 0.04417418889520601, 0.08396457927509435, 0.04084617053430728, 0.22804128555916847], [0.015090772267676928, 0.08896186599429944, 0.015537254942274422, 0.013182921883748389, 0.026462194446778362, 0.04041750136485303, 0.02657478865498014, 0.03967434118585528, 0.029899780623010446, 0.02293390585277256, 0.04142903336330119, 0.02521150036269607, 0.40859253212037494, 0.037591778369266964, 0.0449144746768412, 0.04239865839601974, 0.024280126355840693, 0.015301793257458621, 0.019031244235349364, 0.02251353164660202], [0.060170196536318166, 0.017935407945659735, 0.06332340138183651, 0.059158791217257194, 0.05843865483191715, 0.01538197721091362, 0.04450933621816975, 0.025172775922691813, 0.03676815448434841, 0.05731399023324809, 0.039497743230139847, 0.09919360794868501, 0.042589965210137935, 0.03653715305081136, 0.04509848638747997, 0.055335605924642345, 0.04358998829582153, 0.059217630248840844, 0.04199110467478699, 0.09877602904629426], [0.1969358991729404, 0.031161910962221956, 0.03508488944596477, 0.06861212359710014, 0.026318010825071656, 0.01522540496736699, 0.05531144205763457, 0.03975578987014298, 0.05304072683199785, 0.037691810853406615, 0.029100532006015874, 0.0504273290325748, 0.021565897660687224, 0.031980348409073794, 0.03693697519160863, 0.035697719225373695, 0.03528248567962421, 0.11767937650043098, 0.046123534889044894, 0.03606779282171808], [0.029674053882699856, 0.03778094100143025, 0.023669462399300345, 0.04202546104462094, 0.054994067217014955, 0.05894359767173479, 0.09307005185677883, 0.07275367520941456, 0.03393953946483604, 0.026520324889431242, 0.029316116316717634, 0.03204185247876007, 0.042943137586437065, 0.18006067063428777, 0.04903713370819863, 0.026106561770665147, 0.03169900235915615, 0.04467181290719097, 0.047925940119386126, 0.042826597481937956], [0.05419773877512304, 0.014846909951928958, 0.023197819195924924, 0.036135454852942034, 0.08042563169369295, 0.019381105647691185, 0.03391826106409934, 0.04357156994298864, 0.022658199295791992, 0.04165536454293081, 0.04921517637159167, 0.051474757325023816, 0.03688244577705226, 0.08893961299881313, 0.03307569687598285, 0.058509060658111935, 0.04053353545872505, 0.039534065007007374, 0.04286042961980984, 0.18898716494476828], [0.04147968020706, 0.03789982268607107, 0.015350233783224355, 0.034515169428221935, 0.03559558041016845, 0.06427346288307381, 0.02017849093830399, 0.025139504424071625, 0.016165880634822088, 0.028700880754513214, 0.05523249243178684, 0.036480063496652476, 0.05075841391972995, 0.09396222578954973, 0.02963092245010519, 0.04474453390750114, 0.1822208567738689, 0.0445947318024046, 0.0290220337833207, 0.11405501949554993], [0.02156643856315276, 0.039394593845285666, 0.01288701796936741, 0.021561259168621595, 0.018703789404698145, 0.2351952573842069, 0.02430974372945129, 0.05866704076605044, 0.04516429877982936, 0.027802249535483922, 0.08030569528701588, 0.025596316075249585, 0.10318517633971604, 0.027324287173425707, 0.11081718419154629, 0.05340860166761966, 0.02461511467850843, 0.027428225677487313, 0.02196814502186972, 0.020099564741414583], [0.06221554683729491, 0.03458688446499521, 0.0426626245609337, 0.041941481234598954, 0.02212063647196166, 0.05435427605547066, 0.04566974005918164, 0.038048121276651574, 0.104866332982176, 0.06688151505045217