[[0.025818709081464854, 0.03518434478314205, 0.07781608136589378, 0.03682498294815979, 0.12899815594614797, 0.013196989369349477, 0.08364221939795687, 0.07906520687711101, 0.029648989606513847, 0.02044182024392492, 0.03586242516503096, 0.03963896135824947, 0.06320536527031409, 0.04134259819199165, 0.03522326806085471, 0.09003072336832944, 0.02925188847448131, 0.04069753114252249, 0.06544278853819921, 0.02866695081036179], [0.0387104242609673, 0.01198025945302344, 0.07631412523908292, 0.11608313238988549, 0.06537450536326336, 0.019041426889583088, 0.08366864570544809, 0.08582748692568334, 0.03804329760462386, 0.03096898942445613, 0.0179217277636534, 0.04562286333996933, 0.014663726104493742, 0.057861507364399795, 0.051944347383968574, 0.04488418512930697, 0.034874151980456056, 0.07550113748805505, 0.018151032430155194, 0.07256302775952483], [0.02006107464082287, 0.044148879359285, 0.01613923570319246, 0.02184406012906683, 0.042546897780938515, 0.23227396294443364, 0.03573006201104171, 0.08856438094608934, 0.11283921933906055, 0.03732149130360276, 0.04320859555005156, 0.019126034266329067, 0.031625149618308715, 0.050017941226056004, 0.07556210678556136, 0.034824466983078325, 0.018188680089850508, 0.03751756497065962, 0.017728938417616764, 0.020731257934953944], [0.015352005817307599, 0.016162570536213706, 0.030153557380501943, 0.014664359304273537, 0.48554208061491083, 0.01458229910065702, 0.03635357000991136, 0.053069906418346455, 0.011808334784925378, 0.012626911348805045, 0.01386592669975201, 0.028098119650767008, 0.04545214232264675, 0.039502569103709514, 0.027851263631101103, 0.04656452675079414, 0.020083800359540285, 0.021484157113156894, 0.024843103445340853, 0.04193879560733804], [0.009103308563646727, 0.09910783882252742, 0.019222132558428646, 0.00967235450966028, 0.036363941869750664, 0.03712512706858616, 0.08182346275836858, 0.11328740660116432, 0.04754942730449435, 0.019844165602058542, 0.04307618550203835, 0.013015207585426961, 0.19385504295020775, 0.042649337883245445, 0.10830407189658488, 0.0700708406472477, 0.012720146067279274, 0.014429734308314944, 0.014093698803507056, 0.014686568697461407], [0.02821475892477386, 0.01696626563308863, 0.04416446444323919, 0.03265158685812522, 0.27173373595623496, 0.02116820921713572, 0.0416421963013793, 0.0842492248490932, 0.011143209931022925, 0.013657152431834445, 0.019635562314108543, 0.04765835897589937, 0.026771817823356834, 0.09054533935046255, 0.04471068661501487, 0.034241930208128823, 0.03897012885017974, 0.03173995059631458, 0.028422462200470167, 0.07171295852013775], [0.011463871986467143, 0.26822295252210404, 0.02472500955976317, 0.01840193937290942, 0.02301979261533393, 0.020705243553621345, 0.17611683260988714, 0.04802004341733993, 0.08604393273328696, 0.010784241624349582, 0.03228934439594803, 0.01858000037908496, 0.0836986866228337, 0.02789716204897314, 0.02392740297174544, 0.04058845302677178, 0.022351520121402554, 0.02658544377040963, 0.020346434336314168, 0.016231692331454373], [0.029008370856117245, 0.017366920926152565, 0.03936793272506014, 0.033202549230714126, 0.03549262747089752, 0.012161834160226074, 0.2879833058692092, 0.09386828783792106, 0.0430832813505316, 0.02852495795247666, 0.010991159977389529, 0.020480923319825393, 0.06465728726670401, 0.0401042217609298, 0.055487631188903014, 0.0828150348370215, 0.021546205395414693, 0.020434697639705627, 0.03510489773195771, 0.02831787250284296], [0.015021431284210211, 0.03664222370251733, 0.0677432431287331, 0.02340021669874356, 0.025067727492129162, 0.05507622274457018, 0.05522042814152718, 0.2598487139942431, 0.07052393423820644, 0.028289683210117662, 0.015721018822230537, 0.02043407186677763, 0.08189097011320967, 0.052272089127078224, 0.06555650312557433, 0.05463063117650977, 0.015135285697355646, 0.021593408750403862, 0.01642524439927479, 0.01950695228658785], [0.03541510257556186, 0.02238801002083832, 0.037986203586455825, 0.028710228936422364, 0.022742962186276413, 0.036688821934313026, 0.13572870474466153, 0.04845224172734605, 0.1110017036061673, 0.04978884623746395, 0.03414877335416493, 0.031061282330076462, 0.03451851243657586, 0.03433601006563349, 0.04144888246116481, 0.13628042966591686, 0.019100819186315475, 0.08407820186587182, 0.01366560827759005, 0.042458654801182966], [0.010599833060171805, 0.029700235834934856, 0.023538551180209876, 0.009189147761756037, 0.04704739751625944, 0.022620823270077667, 0.06044081922592253, 0.07132940399828278, 0.03539357059279761, 0.016983698474682368, 0.03409564299378687, 0.010276841934135798, 0.43345950681621404, 0.03297895068097849, 0.02088801339229929, 0.07752436708605212, 0.012016090054257578, 0.015283144762450566, 0.019860380239171187, 0.016773581125558476], [0.017313998617553773, 0.10913346207241974, 0.025314758928922824, 0.012890972292872593, 0.020816104114679317, 0.047464107709215476, 0.04353334697276689, 0.020979811218501024, 0.04410141189747032, 0.03046162694691047, 0.14633987532125697, 0.03275689436443926, 0.09321461698718202, 0.047752743400301625, 0.03575603416079671, 0.1592101041499561, 0.022740269981575544, 0.028259120930618564, 0.035948520450086625, 0.026012219482474164], [0.025037010790093784, 0.03502910654360989, 0.01925267441044574, 0.02856330228532256, 0.01328769866999403, 0.04163124330660996, 0.12080034027354206, 0.07152806118071954, 0.2966591958050799, 0.05379218278474744, 0.028366934881768387, 0.014952387056499138, 0.02920087918917406, 0.03487370417483743, 0.05561022177863844, 0.026061618640038357, 0.021471105058467988, 0.0463770938468123, 0.022105861295419613, 0.015399378028179823], [0.028369884497898533, 0.021164935758787348, 0.046889535360751224, 0.027865611441271164, 0.07147003005892894, 0.11046422807432256, 0.02267924333625045, 0.06701537572984437, 0.0608181546542629, 0.03571308897434203, 0.03006729510445169, 0.049138045369614435, 0.045776257570859596, 0.08653234686601256, 0.06568355915850242, 0.06135264667341203, 0.026262851798495388, 0.06596085148547959, 0.03813208362377977, 0.03864397446273201], [0.01618301307628257, 0.03103067995833071, 0.06920874738340128, 0.025372532777133847, 0.055161404957810016, 0.04150104246341822, 0.0390352568038375, 0.1170403420872501, 0.02318650568641323, 0.041340942777192274, 0.019525192527312624, 0.03120120817705762, 0.04618444601789426, 0.064524435089087, 0.18305145520534294, 0.09218514712564659, 0.023872163921695534, 0.02882582993239672, 0.021756162631547386, 0.02981349140094953], [0.02140888614001098, 0.04956387121586623, 0.2457349046106455, 0.051818285947336326, 0.027293925785007715, 0.020925312819512543, 0.04084458113083634, 0.11309237787100325, 0.01983371720470298, 0.01624513704805374, 0.013590697973641378, 0.1342059918505142, 0.03412103504430345, 0.032099669935885776, 0.05021828096725699, 0.03771976816366193, 0.02882213765675187, 0.01712027622906319, 0.012432830494745813, 0.032908311911199646], [0.02333723737857349, 0.02502299903015084, 0.09125089770315026, 0.021855178092973913, 0.025903033664162488, 0.028174197697228516, 0.06618714323657512, 0.1273136524445527, 0.025571247861270515, 0.04497755051907013, 0.01566821916112195, 0.02269937815590426, 0.0839507703574992, 0.026467539530690434, 0.19546785319253676, 0.0944317032837718, 0.013755272359853896, 0.019702373710716495, 0.01863375905659896, 0.029629993563598373], [0.030071328261452777, 0.021269006631250777, 0.015733027690205643, 0.018313271225432918, 0.1351817971062104, 0.11327478165453059, 0.023889857255662752, 0.0893260231359501, 0.04733161500966101, 0.04025933068829764, 0.07108524048983773, 0.015105076422130253, 0.06678129025091364, 0.09538167145933127, 0.04859181590596624, 0.0447958867963922, 0.027232667163020446, 0.026060389151052143, 0.04372018746230725, 0.02659573624039427], [0.020788848111247205, 0.036311819430089966, 0.06314100860739402, 0.02646720471857135, 0.02791629463068375, 0.02233670872930221, 0.05996864382749677, 0.08462048987256655, 0.027449743993762793, 0.057014551204816626, 0.02765609545050682, 0.024227298509900356, 0.04208588046235805, 0.020058719918354433, 0.3202176709775554, 0.061739373356122486, 0.011403902546602977, 0.02362020624949903, 0.019082488031869477, 0.02389305137129982], [0.04876211432240007, 0.028899120102046996, 0.020993494245735603, 0.034922444477705004, 0.018621859086865176, 0.029093144660384717, 0.03888643255817038, 0.0165156971229971, 0.03902296028383196, 0.030221146366813823, 0.0512818792295157, 0.03676536556761231, 0.02686791767191229, 0.03648898175623913, 0.03117291617676026, 0.03293043026469055, 0.03968718532118664, 0.047564754463875134, 0.36414949126312207, 0.02715266505813558], [0.018336601773114213, 0.043359624420103, 0.023950685286684006, 0.013448739809968118, 0.11511217506215045, 0.07698440034612745, 0.0322571313874974, 0.04243189959289185, 0.07788720833648184, 0.029600219159577983, 0.0737551537433814, 0.03721230803466121, 0.04810583157746656, 0.1002526226365972, 0.06001045795008941, 0.0760457351951234, 0.02179606364119007, 0.04521084333222151, 0.03068231412174725, 0.03355998459292609], [0.013618374936009515, 0.03787009145802324, 0.02580815152485717, 0.016139389105864783, 0.020962313726316746, 0.013641894976170467, 0.43706958275623575, 0.0753793357495252, 0.06420826963046734, 0.0364292636819583, 0.01899333751840155, 0.011846253575682138, 0.041550263681971476, 0.026180407415245733, 0.03095498180968276, 0.06551167593191567, 0.013043207294462239, 0.023712914412294242, 0.008124304530834963, 0.01895598628408082], [0.02123270906850334, 0.03281784009908158, 0.02471509464642789, 0.014737695246984078, 0.03797801735866629, 0.03262518878320809, 0.08312970772487785, 0.10353055191086137, 0.03650943937226068, 0.02226153205975986, 0.045599408601366125, 0.01153248153523721, 0.32642106769280804, 0.028841633972531512, 0.04317743695942452, 0.046669643317220955, 0.017503071095320594, 0.025125584248728818, 0.020936898470223515, 0.024654997836507774], [0.0992349835832567, 0.012564767971719787, 0.013533581630035554, 0.0499872169634297, 0.012242518223206935, 0.023567343690107906, 0.020134227707304088, 0.017804799713477943, 0.013648709179781423, 0.014283346766362682, 0.02136761896927173, 0.019223384661754727, 0.011708043729713928, 0.05061070372587913, 0.016143172346128228, 0.008748494194565918, 0.4422113772213363, 0.06904339109384955, 0.02901710809608984, 0.054925210532727815], [0.024381616348919322, 0.024999672498948945, 0.05057343104808601, 0.024214305723157564, 0.06754558219517678, 0.09449345400346366, 0.037249290939388044, 0.12816963674543985, 0.03451047300560141, 0.039556312471820496, 0.04102852815964746, 0.024806176284396377, 0.0307231615526809, 0.10473698560789266, 0.06632557447841403, 0.06722388171047866, 0.016071221940487126, 0.06874766282740419, 0.015688636547509002, 0.03895439591108685], [0.02644550659886664, 0.04481974854501095, 0.037900676343202856, 0.030860638440297787, 0.01533456475137342, 0.052771738198896766, 0.10928267635456188, 0.09772234021933343, 0.09666273931147923, 0.16926161105911963, 0.027869803803053185, 0.017174928317580204, 0.03754465545789458, 0.019163176280556464, 0.07673569407139327, 0.06973934326700705, 0.011883533709391927, 0.02740176275946875, 0.015411342533270192, 0.016013519978242442], [0.03133945925041789, 0.027349192573522824, 0.01696506799279793, 0.01992391811889419, 0.01681810488575545, 0.05804729158615212, 0.023629151307732712, 0.021296998691825653, 0.05927265607169378, 0.04437665456908701, 0.4309350134992776, 0.010844686359614015, 0.044907247055257234, 0.022918142319044207, 0.02208786124385464, 0.040672228966552454, 0.014783664369601518, 0.04176812064336657, 0.03312857715473808, 0.01893596334081418], [0.07579433290471463, 0.013915419081757995, 0.07230370940033454, 0.1917133120842374, 0.018398904594490437, 0.031371833120817205, 0.06201031077889482, 0.08627399506292754, 0.031625932474842314, 0.0272107443983848, 0.020459527357633456, 0.02064334749187121, 0.018815243172945393, 0.06434333807545951, 0.013629003114097073, 0.028076068569944226, 0.05742500839034072, 0.10293267398762507, 0.014310665680834691, 0.04874663025784692], [0.061422549850009896, 0.014142201516197534, 0.024178989807531217, 0.04407772546643949, 0.013399891093501367, 0.06602867185504815, 0.04207322028717523, 0.021341387545068397, 0.054305532133926686, 0.03165278289541671, 0.031019172715081693, 0.01707788434863302, 0.019615884900061668, 0.0504217785298598, 0.019893986058812548, 0.02562299557639806, 0.08168241055564565, 0.2834756896032758, 0.06450862654660501, 0.03405861871531192], [0.013994126491676083, 0.05105043117443495, 0.013704236637048329, 0.010432988647433476, 0.021261978983181502, 0.035544175079874576, 0.19427957622511102, 0.14389030293978838, 0.035934586001275255, 0.023957439717158347, 0.018500809303810633, 0.010587385697038789, 0.1949282083388862, 0.0287102036588801, 0.08322495482608386, 0.06254939410005267, 0.013091950882324715, 0.017332975360123227, 0.012995477573900889, 0.01402879836191754], [0.021459747052510338, 0.04244330946479983, 0.024156093188918544, 0.01257036279509926, 0.022737467111859658, 0.07454399205382697, 0.02206105369714815, 0.027977973612264253, 0.04475032853309373, 0.0492386704324513, 0.3312977419293786, 0.015679068453229195, 0.07796525143059173, 0.038013275049388055, 0.03677728746561706, 0.06691787614444378, 0.015067317953805085, 0.027226826236711788, 0.028176100913503196, 0.02094025648135903], [0.02006627472610937, 0.048509358428163285, 0.013520948577375144, 0.017175948662210793, 0.18311603173712795, 0.07198039482520197, 0.03796211901083564, 0.05807094413609485, 0.03605419187513312, 0.0217691143329371, 0.06712147321824574, 0.02260059892194856, 0.07228788104412859, 0.10034758197609359, 0.04334146906402444, 0.05007421308477407, 0.03634808867279894, 0.024241111420922477, 0.04880584804134145, 0.026606408244533218], [0.10759729279794798, 0.008459070857912119, 0.04596499323011619, 0.4009788567108812, 0.012597489877579712, 0.019414364357720263, 0.02602625391374436, 0.03346478638018203, 0.01513689684091438, 0.01952055692630681, 0.015015376749043822, 0.024648625964500563, 0.00969689261491363, 0.024621051553219718, 0.012939777921154265, 0.013448605295416064, 0.08766256218114077, 0.0690897593999756, 0.01771530770263321, 0.03600147872469735], [0.026118635361763235, 0.0375826673410287, 0.021463329363855053, 0.02167372527099414, 0.1350749355629811, 0.07884207963971415, 0.0384377735987832, 0.16811858669778434, 0.03544946423020704, 0.02845879625078546, 0.035020325432828105, 0.019286364598293762, 0.041936385029951395, 0.10343203612149496, 0.0630132388097059, 0.02031274317313872, 0.03588026677630027, 0.022726920688941332, 0.01821049447791963, 0.04896123157352945], [0.017295467069095242, 0.0398949746341514, 0.04796880791274687, 0.02236500826969165, 0.02066134132639515, 0.02455635207418811, 0.09993196866760277, 0.38415332668439034, 0.03529673011706531, 0.022215169958222626, 0.015617814175857324, 0.012221538665789042, 0.08300735164188534, 0.023962376615580896, 0.06164612395446329, 0.02629075457681161, 0.015099665297172897, 0.020282302752817106, 0.013324739922680282, 0.014208185683392808], [0.01395450188072448, 0.19345733721752814, 0.01573949728215974, 0.013633422113952128, 0.02509758064874902, 0.07479149334330597, 0.03342276400373413, 0.03631433243783647, 0.1161866998908462, 0.04462535267702068, 0.0716040822672848, 0.022734094411415093, 0.11148509792963883, 0.025083802726081676, 0.021151996625398517, 0.08700961905489528, 0.018836808893673593, 0.023797375091595196, 0.03707807279813459, 0.013996068706025004], [0.00996683771454871, 0.04502004946582518, 0.02517644041043076, 0.008482983480847582, 0.03909764263607421, 0.04702921308054668, 0.03679870056554064, 0.09788436928699316, 0.03144644327344901, 0.019475277718582297, 0.03025434065568205, 0.012256217675531774, 0.3900495941343007, 0.044400670174348705, 0.04345469862453444, 0.058523555250339095, 0.014921345820749105, 0.013371633575355498, 0.013463633990785385, 0.01892635246553504], [0.02140979027790552, 0.03139345707780705, 0.02888078692864884, 0.02115593322973262, 0.025974969159903664, 0.01361618992177536, 0.38221298114159563, 0.1176859094570588, 0.03609154161490172, 0.03223495459788113, 0.015783524277754226, 0.012398968532758183, 0.06647636490435102, 0.0171943131727125, 0.03917097421460999, 0.07924668330676549, 0.009435157816252758, 0.02080879220117327, 0.012711543224684898, 0.016117164941727137], [0.017654761521148046, 0.03385344644202157, 0.0602262607466267, 0.04632495218203244, 0.017910846774943992, 0.026860529115242653, 0.17673008845114224, 0.1779434742217, 0.09502757725723346, 0.04479331589667816, 0.03388958316990294, 0.016278897675098006, 0.03663379123496074, 0.035060892134969004, 0.047362865549252224, 0.06035106418704776, 0.019738896828309746, 0.025529313474661697, 0.012954812458084606, 0.014874630678944085], [0.026800180934918014, 0.02091196234244132, 0.1269574051279287, 0.08017313129145713, 0.0228615861720894, 0.055977849671044244, 0.014517861344319623, 0.03531812166500276, 0.02198654306646766, 0.02835447540848211, 0.021865366217945353, 0.28998998681355903, 0.016921795919478344, 0.02750983987835067, 0.02687200140591294, 0.03400308761770544, 0.03873626494149513, 0.04334687594230074, 0.020960462809280496, 0.04593520142982064], [0.02394761783657801, 0.03341527950471602, 0.02933497346647901, 0.03492597911850653, 0.014528585939161547, 0.029039888046234485, 0.10294800168168763, 0.03556200304302752, 0.1642424623892602, 0.0632844274840196, 0.05251024584564689, 0.01942851574105352, 0.055438391915894426, 0.013446453470213074, 0.04374341844289138, 0.14040909289193165, 0.02110015328013113, 0.029281583185528016, 0.08041897327574157, 0.012993953441298738], [0.09215216455835612, 0.013590024908855075, 0.039583472960903254, 0.06454967342959134, 0.025355781179766657, 0.022116479784843004, 0.02644381199888372, 0.027611485712204897, 0.013032538358898716, 0.014445162531508352, 0.01809204984966205, 0.054451552814592144, 0.025237222918384566, 0.046370533309707015, 0.014767666791535126, 0.019816530580688704, 0.12954484539662656, 0.05362885501919077, 0.025353355361474938, 0.27385679253432643], [0.013802727584191514, 0.06440088656122885, 0.031527000152811575, 0.01937139561852402, 0.019504351011146965, 0.09571310050326357, 0.060017905161080076, 0.14314454683784003, 0.15241217460779397, 0.08018223402874249, 0.04039571324225822, 0.01707615933209575, 0.06887163169780341, 0.028012864531446326, 0.04016571521722573, 0.06571708788995984, 0.012655744824365453, 0.022131322463171923, 0.010495292410930583, 0.014402146324119545], [0.04704080875146542, 0.01851477883001133, 0.027426701362865433, 0.04700709655951448, 0.05561179961486365, 0.030938323368775514, 0.10915330583848414, 0.07214715724541924, 0.20540888129426838, 0.04375992829137519, 0.02848947859567321, 0.015681657882664457, 0.04954661819179652, 0.03645540385454746, 0.03688261736435288, 0.058644506974496656, 0.02040528488208418, 0.03338006651195535, 0.031218718251664775, 0.03228686633372183], [0.014685776008369742, 0.03923883438046947, 0.026209349619048278, 0.01650810703435847, 0.04581384551962581, 0.09648812127065245, 0.04842627914861573, 0.041704942337376906, 0.10750246165038241, 0.05260948003745014, 0.03492174940069952, 0.02767415296642517, 0.04697781237843949, 0.039287114385914985, 0.06249283273191376, 0.20125274828948547, 0.016925484921630908, 0.03441860947273419, 0.024626525433920406, 0.02223577301248586], [0.017430876822365982, 0.0505523100103852, 0.09912407747563409, 0.060090745037945426, 0.01893226669150169, 0.09599363198709462, 0.0185335580045011, 0.04760303994407248, 0.029266201117138676, 0.033689294065510564, 0.04096139367232947, 0.2013683379804114, 0.03168167125783694, 0.029903305183756567, 0.03379528984829191, 0.03923397130375187, 0.04702869510737263, 0.024032067574665496, 0.0591585815481838, 0.02162068536724953], [0.012101110827910396, 0.01882478429384741, 0.43918681180401825, 0.037806836744319325, 0.03756916556264774, 0.016331946665781024, 0.026871980849376104, 0.06577165080655724, 0.016440067454985212, 0.01776211221401101, 0.012051582066209661, 0.07711567001706687, 0.019938154121865222, 0.03114614666351007, 0.04615730678172434, 0.04639227862791717, 0.015699693730626164, 0.02070475430068216, 0.01655957678056236, 0.025568369686381917], [0.012517268482433066, 0.3080095294775086, 0.021471851496158895, 0.013796775162875159, 0.027100921183885983, 0.02116614919794299, 0.11089305423069608, 0.05518209787616454, 0.025869389746043917, 0.011902265908227246, 0.04194065126488589, 0.025072398423519826, 0.10497318894246797, 0.03776451406083673, 0.037564821109562246, 0.06811439496121258, 0.021197293685123162, 0.01985767162373154, 0.016679140550207347, 0.01892662261651586], [0.010745830946328602, 0.03178276964268625, 0.032304451700748645, 0.008952958093874287, 0.06496189783558634, 0.033574774338299, 0.029049636416578945, 0.03431980271062746, 0.030594789257596556, 0.0478394315057606, 0.031967765863987814, 0.0182772563112571, 0.11086535163676431, 0.01733955930687983, 0.09477735880854284, 0.34647915121638384, 0.007206159007609403, 0.0118690217482004, 0.01921612144951209, 0.01787591220277564], [0.01948913273183532, 0.039343276494088975, 0.01545162860869958, 0.021217936661894615, 0.015365940011060085, 0.017190938463716585, 0.1617169466035827, 0.032480575136770225, 0.35661754762937126, 0.03200887646047318, 0.036613687589384256, 0.015945752805629893, 0.026554097073595583, 0.03669177219047883, 0.024198639195623376, 0.05240334793890429, 0.018521028542991327, 0.04162291022001172, 0.02005482691732434, 0.016511138724564008], [0.09154041981527034, 0.008572592072446403, 0.0434376818215493, 0.4930939261984087, 0.01163626398604768, 0.01390194216697176, 0.02480135763598763, 0.019839830807922093, 0.014319018307007002, 0.0168872150735892, 0.01691922052232683, 0.02892674100606542, 0.007607444416117856, 0.01810204020036759, 0.011199641310856639, 0.011673021956124711, 0.04568763594675361, 0.06455661231345913, 0.021081586382843683, 0.03621580805988417], [0.023871219010032342, 0.12320887857921277, 0.045997598731830645, 0.03460399365731094, 0.014329086205819196, 0.07992011907720621, 0.07077701402985845, 0.09590163941873156, 0.12849698593788225, 0.02587644304950625, 0.03651922764036336, 0.0333854288879904, 0.09765248397514925, 0.025734941104508424, 0.014214716421744076, 0.03765864707064726, 0.03294479994499275, 0.03738845846727503, 0.02602180093715052, 0.015496517852788763], [0.03456226052102014, 0.013700233985125236, 0.059820366524892386, 0.029955482107514992, 0.02506520044469407, 0.04511751561605982, 0.03964295537795777, 0.0677971134187388, 0.04358330143237142, 0.12156935508208432, 0.037362463438755295, 0.021887145877639378, 0.0374995223352786, 0.02224772409010418, 0.22895189717614817, 0.06415130396257249, 0.01623670165744791, 0.03658172106594319, 0.020770392572619038, 0.03349734331303288], [0.05476106814204677, 0.012000105948968661, 0.04864468703540664, 0.03663452788811711, 0.05790587805960361, 0.01586234082929292, 0.032319027272726904, 0.02890160081540987, 0.014662152692362089, 0.032285515676294986, 0.018441177757356545, 0.05356737566774088, 0.022070618642747456, 0.06302586075477158, 0.04514208599424568, 0.03159808529856375, 0.061286351396766456, 0.0396565012384987, 0.02437482161292003, 0.30686021727615953], [0.05820010882314849, 0.00874823661249611, 0.04464956045365831, 0.05173461538563582, 0.020756244452376525, 0.033852418820428415, 0.02177537370606774, 0.014895314717037068, 0.029571350277907884, 0.04908588359982103, 0.025454340567765948, 0.04093533602354455, 0.018713070523506316, 0.042143869919246936, 0.024754688608842723, 0.03733313912147545, 0.035265414544248135, 0.06759680199600344, 0.32603650312367, 0.04849772872311927], [0.017559177636068048, 0.09134663270343554, 0.06886617788318947, 0.030161568617554514, 0.030030123959919535, 0.025285904886617715, 0.06857418706620659, 0.37367590947548807, 0.018925931983845172, 0.013950943270595479, 0.017418871550804575, 0.020283743589911737, 0.068350315685241, 0.03087319077624442, 0.02809533444129648, 0.03262490594667524, 0.016570934256164543, 0.01871096505901918, 0.010541244155755436, 0.018153937055966875], [0.022246360253427046, 0.04520190252962682, 0.023647952222029894, 0.0178675584135302, 0.01674817769459446, 0.2671337367938507, 0.023601201799136044, 0.06366107039610512, 0.06038439951728631, 0.045831365000209755, 0.12182367751672646, 0.01480791759279153, 0.05380622946313228, 0.04122647683583428, 0.040846165269055594, 0.022033436482310313, 0.023700902683939075, 0.044506923693802665, 0.0356467942147679, 0.01527775162784344], [0.023275991926216964, 0.08169341880278383, 0.06293529960826746, 0.04097223723029755, 0.017297817709275458, 0.09228565748228816, 0.06405495845416606, 0.18606700372814905, 0.05552509145021624, 0.04542124922751314, 0.035382550750898065, 0.025383172069557317, 0.03838023011687415, 0.036586965950773834, 0.046766152960671825, 0.059173082030129394, 0.01790017907849179, 0.041885844303141705, 0.013061693879113823, 0.015951403241174993], [0.02268979690693476, 0.02950668434728557, 0.014539162619135616, 0.009548911977726834, 0.02032110215577361, 0.029034160126369203, 0.07077893718964713, 0.03302473049447498, 0.09863209624523815, 0.05613082000372324, 0.08206912240788619, 0.011336236201014436, 0.20735139825120916, 0.03559373978872322, 0.06687569828193062, 0.12644198896576253, 0.013265375002218032, 0.022586814383800908, 0.027295447219914625, 0.022977777431231874], [0.022634048792760205, 0.06406919524528183, 0.014244000258992343, 0.030802656522743846, 0.009660000605147509, 0.06333524030117958, 0.09691632973937851, 0.05655401998037205, 0.2642362906585041, 0.06813113038844854, 0.05903565617224226, 0.014063029704873716, 0.046322383803224884, 0.01588098285090528, 0.04497082177994413, 0.04935923894621676, 0.019862770033121976, 0.025436913196499628, 0.024971411474699404, 0.00951387954546366], [0.020646858626207465, 0.02086024616208757, 0.047997213687638526, 0.020340020365876458, 0.041595780616147576, 0.03534387839378644, 0.03154708161782022, 0.08026838393149913, 0.04298356066785832, 0.09721491398049764, 0.031859061789525384, 0.022899551245685667, 0.05756455555641218, 0.03078737124743305, 0.2680653036955824, 0.06739710817069865, 0.013337094671721894, 0.016857430970437605, 0.024546743939682838, 0.02788784066340086], [0.017222753522238527, 0.023828758331142275, 0.11031091569663401, 0.053506047282430476, 0.02580163889998656, 0.03720312786549975, 0.018698038025343918, 0.031796164199754014, 0.02625434708903793, 0.021769934560753417, 0.014488253557797162, 0.39013296343893555, 0.016944294739720048, 0.02520345770647948, 0.026813927959435428, 0.03854598858163465, 0.026942318526089356, 0.03107811167082007, 0.028902336760050468, 0.034556621586216967], [0.01613898650122869, 0.04423029240000451, 0.04908499702413193, 0.025267744223106993, 0.02768766619556733, 0.05143961299686508, 0.06685054545897802, 0.222877351754627, 0.07200332582807252, 0.06262090171326455, 0.018957561478856272, 0.01837203232346473, 0.09231809762002675, 0.03276238064136867, 0.033519237145421384, 0.10098760318063466, 0.013851757878321503, 0.02079083053952121, 0.012069714348251994, 0.01816936074828631], [0.025827934131801424, 0.02418815106722823, 0.015905721073065905, 0.018945868923419085, 0.03190830048664059, 0.06447422203510624, 0.0684063007513866, 0.05106953364575292, 0.26380589467682436, 0.08283618758817898, 0.03203837516044854, 0.019387478344963228, 0.03080128704309612, 0.040616469952976735, 0.05421798366835466, 0.07870055246028532, 0.013208451143781066, 0.04709341275209114, 0.014859676962147789, 0.02170819813245039], [0.021396229924723537, 0.01608159361888872, 0.03394069183724131, 0.024949139877927465, 0.02261653756251499, 0.027216494494146704, 0.03737354962362314, 0.05693597099646054, 0.021545286185114677, 0.011315555195574532, 0.02185526574506368, 0.01641008525944982, 0.022644120377609073, 0.4551031770055378, 0.020875481382769658, 0.01965400784851141, 0.05409749559094529, 0.04952411698385455, 0.021264651378181936, 0.04520054911186102], [0.025527587188264842, 0.01124037840803326, 0.05176480348127126, 0.03649110143540804, 0.02775017080363127, 0.021661735907965305, 0.03544124496030848, 0.06833723901181665, 0.01552488487740947, 0.011389834064275399, 0.015618367363175468, 0.01838625119756822, 0.020486733635360743, 0.39812289111433297, 0.020735293801290234, 0.021126310941781343, 0.0641066397930541, 0.05023033041040664, 0.020380849088221957, 0.0656773525164251], [0.023833489270999108, 0.034352000162257264, 0.04212305779839679, 0.015493469732726568, 0.03783561284342897, 0.019990545593654103, 0.159730075966811, 0.13195067822797457, 0.03644873515961931, 0.019534163801422134, 0.015148831960012139, 0.02091286920399626, 0.08009766063840672, 0.10072366091771073, 0.08712242326004596, 0.07499306545092058, 0.015404078616933183, 0.02602723957928758, 0.014692148205968146, 0.043586193609429294], [0.022113347346870718, 0.020268650339055453, 0.017129823128236556, 0.019636737203211595, 0.04315891465635385, 0.06400269197244708, 0.07337454785449883, 0.0797931511748447, 0.13109218269356215, 0.04970469914359398, 0.042804414529639456, 0.020874973508871564, 0.03091899313221346, 0.13575345851644158, 0.07488445641778017, 0.0670751175459728, 0.022576300873850715, 0.03419924308914739, 0.015964546927315748, 0.03467374994609238], [0.017105946567386017, 0.020058383417354324, 0.03328011975639644, 0.02077040873157234, 0.18114787633743978, 0.06436447506930659, 0.02869122627278156, 0.09083844428570362, 0.023447530837482963, 0.025758174997757555, 0.024729366288043807, 0.027591217844025802, 0.037904232626715814, 0.1551707282128397, 0.048918105831179975, 0.06163682886293989, 0.024985141508717734, 0.02744701393796889, 0.018421318482090863, 0.06773346013229603], [0.00996823455047828, 0.03594667507945143, 0.029307762989653582, 0.009615190638232728, 0.05923573663384493, 0.026019471606719576, 0.036791368763657135, 0.06426796673965526, 0.016611643663477806, 0.02396312724449385, 0.01857532800423612, 0.020043286248458275, 0.031212973427464926, 0.03900946033703587, 0.472965353885468, 0.04019170316485204, 0.01119418436273418, 0.019137540857584266, 0.01748470909433372, 0.018458282708168287], [0.013743060460770487, 0.020481014418818704, 0.01938171304296853, 0.009816294443401825, 0.4769296288582888, 0.017034918569971684, 0.03086797797311028, 0.040427066187311386, 0.01967487299705629, 0.012036455453829196, 0.026912086785938472, 0.02917864538046315, 0.07582277717605565, 0.04626864985202907, 0.022722826659147665, 0.04261232114739984, 0.016932835784243296, 0.013991212449319543, 0.024604183561474206, 0.04056145879840273], [0.0631425426569695, 0.009364675458738984, 0.06610428008047847, 0.06507099273461867, 0.04620060998357633, 0.021360708748317116, 0.06194409318966977, 0.06693279579064006, 0.025000034312464097, 0.053951343993066364, 0.01778564296987001, 0.03784557809729582, 0.02576075993627823, 0.058746049965160745, 0.06834041135559907, 0.044540402147576506, 0.04932561318521252, 0.05241774162151482, 0.028643603834151418, 0.1375221199388027], [0.03520120518960362, 0.025517346603446688, 0.06448842028353059, 0.05381176734655135, 0.050285914273396556, 0.04152584778885255, 0.017265790557803973, 0.040546292018767006, 0.01632986478644335, 0.021125468938768148, 0.020842458601781078, 0.20228411448570918, 0.024091279762113154, 0.06804685409143033, 0.04866388851763431, 0.032417642478048944, 0.06524907039666529, 0.03834081444463604, 0.020477862754739246, 0.11348809668007899], [0.037585575185782566, 0.011534833906451162, 0.08700208164005283, 0.10556403992137416, 0.024174012088860542, 0.028901298984510916, 0.025785991501375338, 0.021486766098997856, 0.030427952119398926, 0.034325481410954685, 0.05137831145275457, 0.08023603793418936, 0.012971553552607625, 0.04521177231050511, 0.019178949050167152, 0.04981854622868793, 0.03632217668237685, 0.19107327933741705, 0.06368074451427178, 0.04334059607926347], [0.021060243723101765, 0.01601648515407318, 0.027284601383666143, 0.023716808504362034, 0.052488161397158006, 0.02708384552899694, 0.12843510194713084, 0.05063446489785802, 0.09823674360504805, 0.059997027492042866, 0.02071001822573163, 0.01702885356119451, 0.027505117470017413, 0.04008939674796241, 0.09279655596122854, 0.1682570070854789, 0.014758678047793985, 0.06638103552172958, 0.022495941704831286, 0.025023912040592778], [0.1594572119078481, 0.010703388528383866, 0.02788982658940327, 0.07452814932507769, 0.020378120912445022, 0.02066727899534486, 0.030876459564127694, 0.030725186976186588, 0.014469109084449316, 0.02404684499600128, 0.018742811436340177, 0.025149550718547853, 0.017086122649402995, 0.050183423311570836, 0.02001192691101908, 0.015816548671760685, 0.13980702476312976, 0.0491781921011333, 0.021173199511053904, 0.22910962304677301], [0.029139259999408012, 0.021165503588882553, 0.03440397982147418, 0.0381137957974191, 0.031287543371321044, 0.007729803637697646, 0.4821232904430754, 0.07218804564620263, 0.03703286674559282, 0.011105246775195027, 0.0131517787493788, 0.015684396484635828, 0.03227616883551279, 0.03185374747123984, 0.019771665701445135, 0.02983240716224261, 0.017070045696316916, 0.035456148125255556, 0.012246866106523044, 0.028367439841181716], [0.01619841862092525, 0.043086767131474114, 0.08682036220245805, 0.014895242529401016, 0.03659656862162068, 0.048566163118184125, 0.03768743119747079, 0.09053846702034295, 0.03788812148208127, 0.0930551152304488, 0.024461526599416385, 0.040457750036644924, 0.05836072222854836, 0.04520611764589776, 0.09430887692285045, 0.13359627248813244, 0.01875679541407095, 0.035395682115275, 0.014420500647801017, 0.029703098746955283], [0.02173888365655569, 0.03635939287405455, 0.057078342769836594, 0.05119150679911078, 0.018942035395850453, 0.03945935834377818, 0.02310653393798173, 0.02647240520267587, 0.028569970100846435, 0.03497541633874977, 0.0229009639224396, 0.37894657341093474, 0.019677436654868295, 0.023745265691544785, 0.039013462253918385, 0.036834273873531775, 0.044303312656632676, 0.026975211686809657, 0.03362622480091173, 0.03608342962896821], [0.015466364308195297, 0.042521268177198486, 0.015268142630015972, 0.008281151970165181, 0.03370948800056608, 0.04327336796795345, 0.059298497737376846, 0.1028187880088537, 0.03761734621571855, 0.02597791756312955, 0.020571928956372085, 0.011789010307801141, 0.28921414275681717, 0.03244570671130261, 0.14988978648452256, 0.047857830353103765, 0.013172783091855421, 0.015842289265909786, 0.0183581761242617, 0.016626013368880834], [0.01501350988692734, 0.02673512020288793, 0.020890240897944647, 0.015253442597189094, 0.01859430869689755, 0.0103461115779936, 0.3991374315398124, 0.0638987076337025, 0.11671463899941738, 0.030347042218582847, 0.015211395360507066, 0.013668075534180181, 0.050864135298361784, 0.02844436668381176, 0.051498893599338263, 0.06647990678469971, 0.011524258097805185, 0.0178278684653614, 0.009651333344130228, 0.017899212580448413], [0.023400781184115274, 0.014241158361620845, 0.031646988101950414, 0.027283914676261924, 0.04360572016453248, 0.04290843723528687, 0.09064218585736489, 0.05872483054588827, 0.06994759354129225, 0.06651731578033519, 0.03249030000143135, 0.01922706450929201, 0.03352240128036228, 0.03532262884993992, 0.18962740942091877, 0.1253307467600705, 0.01311019066674083, 0.027847960895010775, 0.028863016171702408, 0.025739355995883173], [0.024010140305346636, 0.03628825793991066, 0.02408399157546927, 0.028143545797397845, 0.018811416982025115, 0.3507469593466946, 0.015262284215818319, 0.034394875139467464, 0.03730604936323086, 0.03800777971676661, 0.11318662480409203, 0.016374961388602883, 0.026237139593041178, 0.037622851030163454, 0.024852120495793734, 0.02511914787707062, 0.028954536485306246, 0.06613538770073622, 0.036045759959492094, 0.018416170283574295], [0.007758920479313311, 0.048023370049262354, 0.02109475742813752, 0.005637846924830214, 0.04402227273524165, 0.03674168279458274, 0.040395953330024055, 0.022815082263049645, 0.08239873806071107, 0.037075894777077886, 0.03979993980482146, 0.012909137512801063, 0.11408682831606125, 0.020713475596230234, 0.039980996016015555, 0.37379535980120404, 0.006271833941973186, 0.018930754459506646, 0.013319430830636454, 0.01422772487851896], [0.01529363510643817, 0.07344928764073441, 0.012143875318042757, 0.01140353975989206, 0.02251520567383623, 0.2139364985214103, 0.03935050952075866, 0.04926292881656205, 0.13811904119010962, 0.03743217571731081, 0.04617809218701555, 0.015458158158323555, 0.08121465197206071, 0.045784927179611024, 0.030585498776893105, 0.06117167368715657, 0.018880252352513966, 0.03857253463530786, 0.03641606839162824, 0.012831445394394793], [0.06883232666409954, 0.012398834875783324, 0.031050830136945803, 0.0703881000512121, 0.045422527336222464, 0.025569062220122382, 0.02620278810310548, 0.03317113481955106, 0.018259511225965884, 0.01774539909357318, 0.03284684630300982, 0.04607031177763707, 0.027022164975424565, 0.06569315673633387, 0.019713474981982882, 0.023885108652731423, 0.0868314459996445, 0.06677146359864809, 0.025900198269577925, 0.25622531417842886], [0.011348768725777466, 0.08231677166991433, 0.03160013332902696, 0.01318373760390049, 0.037658478007849334, 0.029975170704813904, 0.04643822356883438, 0.14890019794185247, 0.020646021731035552, 0.014217850467273255, 0.023991063978815137, 0.01854597565888574, 0.33708589067332106, 0.02732937843078457, 0.050357959992009704, 0.052763841713643685, 0.011607912367578547, 0.012790760376678926, 0.012684867161053912, 0.016556995896950637], [0.05262238235919006, 0.010605451448277747, 0.05775049631538489, 0.031154467846553624, 0.05927232778583843, 0.019267905513322924, 0.026376203235515865, 0.03734987056372022, 0.01498696776808278, 0.0355920774947553, 0.022494037840499848, 0.07205309948880108, 0.023646504830444278, 0.07145299278326582, 0.06915643141637932, 0.03585246961313986, 0.045304359923417095, 0.04306252362998031, 0.021818444329672084, 0.2501809858137593], [0.017698620896217238, 0.02480178301538509, 0.052082062439155204, 0.017617954776023768, 0.059239012667562665, 0.06682312506663718, 0.0301977238988601, 0.042669915158164554, 0.09061876456442958, 0.04214659427064063, 0.022383937405593475, 0.058711027174491774, 0.04781347649063371, 0.05108378056022883, 0.1227162888203482, 0.1262807541113129, 0.014812605236524523, 0.030613728281936724, 0.04801373360199754, 0.033675111563857205], [0.029302086070040034, 0.019422016313317553, 0.03398055237998674, 0.03721581386768034, 0.03248057838813096, 0.021357278211166914, 0.0704659972094041, 0.04937614814401504, 0.0371185579676214, 0.009269826168385637, 0.020436556146639754, 0.018082664508464397, 0.018928685652087367, 0.32390577911687474, 0.021177935673299557, 0.019065737129792835, 0.05035298790055772, 0.10495223412081205, 0.019382647278857187, 0.0637259177528657], [0.024952438455035333, 0.016715930143084225, 0.02034119757212662, 0.017203030447274628, 0.14754330986032754, 0.05784068958894872, 0.027624193762943203, 0.040771738992604147, 0.040077748996309906, 0.052370449397895806, 0.06245848392576282, 0.026532124239567058, 0.04537549836170494, 0.08598052508703018, 0.07434823411778942, 0.09687925137891774, 0.027447099996237352, 0.04972668661071546, 0.025595951046476908, 0.06021541801924804], [0.1044343751653379, 0.015831159113537285, 0.020447356804216117, 0.043123393455186086, 0.011627614122404248, 0.04902120282947994, 0.027217969682612496, 0.023581831439596534, 0.02608906503947372, 0.024058214866297552, 0.03766841108163658, 0.0205289925094589, 0.017097721456037048, 0.08497202561690215, 0.014613229477522126, 0.016186054140944175, 0.23939157266336394, 0.14434152505269748, 0.04330851862835, 0.03645976685494539], [0.02247185568221376, 0.041988490625412773, 0.03060420052005669, 0.026580256920063758, 0.024946689545777036, 0.18078826268843295, 0.03829286809197978, 0.08568981138387151, 0.05881722142687028, 0.0842819730228486, 0.07560896257407128, 0.014914143904940114, 0.04732468983414745, 0.025553432642855613, 0.08149828056182366, 0.07255490234806242, 0.012742690281564297, 0.03960086012565729, 0.0220938587025757, 0.013646549116774799], [0.01608161464476706, 0.10453051786233897, 0.02017453647742683, 0.020957216901655123, 0.019846077353102953, 0.17750858692601