[[0.025818709081464854, 0.03518434478314205, 0.07781608136589378, 0.03682498294815979, 0.12899815594614797, 0.013196989369349477, 0.08364221939795687, 0.07906520687711101, 0.029648989606513847, 0.02044182024392492, 0.03586242516503096, 0.03963896135824947, 0.06320536527031409, 0.04134259819199165, 0.03522326806085471, 0.09003072336832944, 0.02925188847448131, 0.04069753114252249, 0.06544278853819921, 0.02866695081036179], [0.09632181278801018, 0.023462057149616564, 0.030317331048197803, 0.21834958964233972, 0.024708474912277473, 0.035538771975546446, 0.0622932043039571, 0.035066677105932864, 0.051555223321267385, 0.04569144681357001, 0.030899703264737968, 0.052279904239663826, 0.0198237102564824, 0.04278008554921313, 0.019345312710226114, 0.048263212088734464, 0.026368159895030437, 0.08884165492986762, 0.027038771454709468, 0.021054896550619134], [0.02006107464082287, 0.044148879359285, 0.01613923570319246, 0.02184406012906683, 0.042546897780938515, 0.23227396294443364, 0.03573006201104171, 0.08856438094608934, 0.11283921933906055, 0.03732149130360276, 0.04320859555005156, 0.019126034266329067, 0.031625149618308715, 0.050017941226056004, 0.07556210678556136, 0.034824466983078325, 0.018188680089850508, 0.03751756497065962, 0.017728938417616764, 0.020731257934953944], [0.015352005817307599, 0.016162570536213706, 0.030153557380501943, 0.014664359304273537, 0.48554208061491083, 0.01458229910065702, 0.03635357000991136, 0.053069906418346455, 0.011808334784925378, 0.012626911348805045, 0.01386592669975201, 0.028098119650767008, 0.04545214232264675, 0.039502569103709514, 0.027851263631101103, 0.04656452675079414, 0.020083800359540285, 0.021484157113156894, 0.024843103445340853, 0.04193879560733804], [0.011360302993015136, 0.050685693392714344, 0.0343925398120366, 0.012716362402006189, 0.031721941939563784, 0.05246161494011586, 0.035301881342405445, 0.062235261041242294, 0.02058787123567863, 0.01723466380880755, 0.029714182692911758, 0.030143975768813024, 0.386853637026991, 0.025335512841465797, 0.08452001409565159, 0.04245066740861096, 0.02177744352273515, 0.01251823629027631, 0.017354349903441712, 0.0206338475415171], [0.024778105528895557, 0.02977596458986378, 0.024841452630377084, 0.027370407939514313, 0.31120339466482555, 0.03703352746630818, 0.03602640756851293, 0.03533210607300958, 0.026829785512284647, 0.037685421978227863, 0.05607977317363711, 0.02445669984306507, 0.032066876277400715, 0.05800805720653028, 0.018865171658414275, 0.0703871768793438, 0.05533119658667501, 0.028412571141015978, 0.031143847502935702, 0.03437205577916189], [0.02582301561160059, 0.2700710664851169, 0.018899567018453675, 0.0179725618511994, 0.015825639497376857, 0.04149866860525577, 0.12137243607230454, 0.05804992587421131, 0.05862840589141698, 0.038456811531644146, 0.027254540620083288, 0.022006134438266982, 0.08021531469456325, 0.02772154872613574, 0.01741281393616872, 0.08425488161550192, 0.023347839703594244, 0.015979898970204024, 0.019527142309612718, 0.01568178654728826], [0.029008370856117245, 0.017366920926152565, 0.03936793272506014, 0.033202549230714126, 0.03549262747089752, 0.012161834160226074, 0.2879833058692092, 0.09386828783792106, 0.0430832813505316, 0.02852495795247666, 0.010991159977389529, 0.020480923319825393, 0.06465728726670401, 0.0401042217609298, 0.055487631188903014, 0.0828150348370215, 0.021546205395414693, 0.020434697639705627, 0.03510489773195771, 0.02831787250284296], [0.015021431284210211, 0.03664222370251733, 0.0677432431287331, 0.02340021669874356, 0.025067727492129162, 0.05507622274457018, 0.05522042814152718, 0.2598487139942431, 0.07052393423820644, 0.028289683210117662, 0.015721018822230537, 0.02043407186677763, 0.08189097011320967, 0.052272089127078224, 0.06555650312557433, 0.05463063117650977, 0.015135285697355646, 0.021593408750403862, 0.01642524439927479, 0.01950695228658785], [0.03541510257556186, 0.02238801002083832, 0.037986203586455825, 0.028710228936422364, 0.022742962186276413, 0.036688821934313026, 0.13572870474466153, 0.04845224172734605, 0.1110017036061673, 0.04978884623746395, 0.03414877335416493, 0.031061282330076462, 0.03451851243657586, 0.03433601006563349, 0.04144888246116481, 0.13628042966591686, 0.019100819186315475, 0.08407820186587182, 0.01366560827759005, 0.042458654801182966], [0.010599833060171805, 0.029700235834934856, 0.023538551180209876, 0.009189147761756037, 0.04704739751625944, 0.022620823270077667, 0.06044081922592253, 0.07132940399828278, 0.03539357059279761, 0.016983698474682368, 0.03409564299378687, 0.010276841934135798, 0.43345950681621404, 0.03297895068097849, 0.02088801339229929, 0.07752436708605212, 0.012016090054257578, 0.015283144762450566, 0.019860380239171187, 0.016773581125558476], [0.022418617090185583, 0.2666694041982327, 0.030686855560643267, 0.016005988053255208, 0.03626928856849597, 0.029437477536208935, 0.0677767651114776, 0.03991161216392718, 0.02482289802812132, 0.03682287947244423, 0.03209854297237861, 0.04804073213099859, 0.11316367016185018, 0.03551106483275719, 0.050606382353153075, 0.0554486633977216, 0.02913918923967656, 0.01627276164332376, 0.024579057730464215, 0.02431814975468399], [0.025037010790093784, 0.03502910654360989, 0.01925267441044574, 0.02856330228532256, 0.01328769866999403, 0.04163124330660996, 0.12080034027354206, 0.07152806118071954, 0.2966591958050799, 0.05379218278474744, 0.028366934881768387, 0.014952387056499138, 0.02920087918917406, 0.03487370417483743, 0.05561022177863844, 0.026061618640038357, 0.021471105058467988, 0.0463770938468123, 0.022105861295419613, 0.015399378028179823], [0.05089102102408853, 0.0163973943617215, 0.017545844420138155, 0.08162387155739892, 0.021553546603306314, 0.04718680664649977, 0.0500107531135298, 0.030765345484961296, 0.02277074122065184, 0.02607693626165229, 0.029000915640432293, 0.023929236350223003, 0.015865278859616277, 0.06297647743225644, 0.04899576366787183, 0.02245873074410567, 0.02833017037034647, 0.02593747165847375, 0.3521947977237028, 0.02548889685902373], [0.029034844560815242, 0.02599859101941541, 0.09330784418837841, 0.025565549170321555, 0.02363718231879002, 0.04024102013709334, 0.04731853145855231, 0.06520483080596869, 0.026637188048388955, 0.037175624292302124, 0.04285285008065534, 0.03718116615698625, 0.07753562302013157, 0.030832948287519014, 0.20945120128854483, 0.06075676720594127, 0.017584152027193635, 0.02129937829012951, 0.07146359341955096, 0.016921114223321706], [0.02140888614001098, 0.04956387121586623, 0.2457349046106455, 0.051818285947336326, 0.027293925785007715, 0.020925312819512543, 0.04084458113083634, 0.11309237787100325, 0.01983371720470298, 0.01624513704805374, 0.013590697973641378, 0.1342059918505142, 0.03412103504430345, 0.032099669935885776, 0.05021828096725699, 0.03771976816366193, 0.02882213765675187, 0.01712027622906319, 0.012432830494745813, 0.032908311911199646], [0.02333723737857349, 0.02502299903015084, 0.09125089770315026, 0.021855178092973913, 0.025903033664162488, 0.028174197697228516, 0.06618714323657512, 0.1273136524445527, 0.025571247861270515, 0.04497755051907013, 0.01566821916112195, 0.02269937815590426, 0.0839507703574992, 0.026467539530690434, 0.19546785319253676, 0.0944317032837718, 0.013755272359853896, 0.019702373710716495, 0.01863375905659896, 0.029629993563598373], [0.024241862880211865, 0.034180837754542684, 0.017172326871173337, 0.01441010383720402, 0.30462058704490724, 0.027424890655846926, 0.05012187196130881, 0.05641660236616179, 0.020477846980139117, 0.028537721596493523, 0.028601155510205457, 0.028435519833852202, 0.058351379791500416, 0.08109546164115947, 0.01654604337084097, 0.09262970154984207, 0.034693939763190795, 0.014509819480028432, 0.03999320486823761, 0.027539122243153462], [0.015087265782046269, 0.03756136971032054, 0.03889953787658473, 0.021519869491085197, 0.01862594431753633, 0.03734685086555993, 0.06246237640367067, 0.09255295949387495, 0.025113085096892827, 0.025104131559247313, 0.018916732427451295, 0.03543747287813468, 0.056515529388302885, 0.03908056927191274, 0.3472565715910976, 0.0327831462346286, 0.01820549897857366, 0.017264774642825033, 0.03926059343402551, 0.0210057205562281], [0.04876211432240007, 0.028899120102046996, 0.020993494245735603, 0.034922444477705004, 0.018621859086865176, 0.029093144660384717, 0.03888643255817038, 0.0165156971229971, 0.03902296028383196, 0.030221146366813823, 0.0512818792295157, 0.03676536556761231, 0.02686791767191229, 0.03648898175623913, 0.03117291617676026, 0.03293043026469055, 0.03968718532118664, 0.047564754463875134, 0.36414949126312207, 0.02715266505813558], [0.02216148299783032, 0.03184399014371266, 0.025459574797505317, 0.013375279979763854, 0.05672106035257103, 0.02698105545565864, 0.043470165119474456, 0.05884511082473272, 0.026021343321125774, 0.05090738693188558, 0.03769155079076239, 0.04362131212831625, 0.10835605825164553, 0.02291631093477103, 0.07801875333686577, 0.26599193830511414, 0.02100628116227676, 0.01581452863458632, 0.031102136354218973, 0.019694680177182546], [0.013618374936009515, 0.03787009145802324, 0.02580815152485717, 0.016139389105864783, 0.020962313726316746, 0.013641894976170467, 0.43706958275623575, 0.0753793357495252, 0.06420826963046734, 0.0364292636819583, 0.01899333751840155, 0.011846253575682138, 0.041550263681971476, 0.026180407415245733, 0.03095498180968276, 0.06551167593191567, 0.013043207294462239, 0.023712914412294242, 0.008124304530834963, 0.01895598628408082], [0.02123270906850334, 0.03281784009908158, 0.02471509464642789, 0.014737695246984078, 0.03797801735866629, 0.03262518878320809, 0.08312970772487785, 0.10353055191086137, 0.03650943937226068, 0.02226153205975986, 0.045599408601366125, 0.01153248153523721, 0.32642106769280804, 0.028841633972531512, 0.04317743695942452, 0.046669643317220955, 0.017503071095320594, 0.025125584248728818, 0.020936898470223515, 0.024654997836507774], [0.03319466476512712, 0.025086272940001486, 0.02047034779961528, 0.031155062760949537, 0.031404716415839806, 0.03303880575098933, 0.028737553959915712, 0.01874105371771421, 0.011996083604162667, 0.017686194784560516, 0.03210264355103307, 0.022341268125862093, 0.03465675837339746, 0.05810043098647461, 0.01413143179333564, 0.020171761068426167, 0.45067475449219513, 0.03256230892873376, 0.028863777507932318, 0.05488410867373333], [0.024381616348919322, 0.024999672498948945, 0.05057343104808601, 0.024214305723157564, 0.06754558219517678, 0.09449345400346366, 0.037249290939388044, 0.12816963674543985, 0.03451047300560141, 0.039556312471820496, 0.04102852815964746, 0.024806176284396377, 0.0307231615526809, 0.10473698560789266, 0.06632557447841403, 0.06722388171047866, 0.016071221940487126, 0.06874766282740419, 0.015688636547509002, 0.03895439591108685], [0.023422770672126076, 0.038189778192920056, 0.05689943717531269, 0.025814354585373896, 0.03387790219600788, 0.02981927568992963, 0.07792900743207261, 0.24435469603011933, 0.03897280783107057, 0.03473906058475936, 0.029530117441449635, 0.03090107967230023, 0.07738211766648001, 0.02469709628505449, 0.07466942316762178, 0.06363548500904047, 0.028243052604161566, 0.011227280165572884, 0.0372461944916886, 0.01844906310693782], [0.025037101950067857, 0.021003934012406657, 0.020701109905833993, 0.019552298432325744, 0.017058141299474285, 0.05606949355038173, 0.01873378307679333, 0.01707307610226198, 0.040468184667844555, 0.05226318785632602, 0.44393619853530936, 0.02634648487146875, 0.03597240608941352, 0.021379926396958245, 0.02545357726047124, 0.04369783271385397, 0.02901453209422821, 0.029965075163768853, 0.0344358300482416, 0.021837825972569645], [0.07402959750178081, 0.018446358043651686, 0.0374143517859336, 0.3060413710650824, 0.026466698659731978, 0.022771913963574794, 0.044151679342696544, 0.02802571204424656, 0.022811810853970087, 0.03093675396860946, 0.025191446847961298, 0.04614184925646888, 0.01587570080293361, 0.049033997033422635, 0.01846353343340557, 0.019452606542273487, 0.053830675327316585, 0.09702654498650044, 0.027307285424611492, 0.03658011311582795], [0.061422549850009896, 0.014142201516197534, 0.024178989807531217, 0.04407772546643949, 0.013399891093501367, 0.06602867185504815, 0.04207322028717523, 0.021341387545068397, 0.054305532133926686, 0.03165278289541671, 0.031019172715081693, 0.01707788434863302, 0.019615884900061668, 0.0504217785298598, 0.019893986058812548, 0.02562299557639806, 0.08168241055564565, 0.2834756896032758, 0.06450862654660501, 0.03405861871531192], [0.009257644538607801, 0.05384116095028195, 0.030780714769665343, 0.011223882524588582, 0.021318817231248437, 0.06657017693452824, 0.051136618751890385, 0.06328952836029038, 0.022528136792173803, 0.020644613710342076, 0.03019956349813006, 0.021173695765172626, 0.3498893127977909, 0.04201558156294338, 0.058222346628581924, 0.0690068242511695, 0.027259994579627193, 0.012397246572260302, 0.02222188981211654, 0.01702224996859124], [0.02024895405979331, 0.041703542143108854, 0.0620158970048028, 0.013890688868458708, 0.020881176865241987, 0.068941019594471, 0.02908097114534848, 0.01529449622155155, 0.054154392027545926, 0.06148045611096188, 0.3363350192259915, 0.03512482862480271, 0.04923344811063155, 0.02353298169864804, 0.02565200952546502, 0.05750824006830277, 0.022595502077023974, 0.02006650628883533, 0.028093593565487743, 0.014166276773526632], [0.011036011281441972, 0.04553524569565328, 0.012616363327553443, 0.010639375356375304, 0.4275692638583288, 0.03465145212085575, 0.0257152700473668, 0.026449719741385325, 0.017283566840571325, 0.011969891581719764, 0.03130061847084707, 0.013519444607605676, 0.054056119738629844, 0.043422078576027444, 0.03034454105422681, 0.11574662547812972, 0.0213830460694729, 0.012743422152571652, 0.03704576842529017, 0.01697217557594672], [0.08988535401774936, 0.006951083709092922, 0.04287096898862686, 0.47917657578670764, 0.01224644203034853, 0.014672124869067122, 0.020586841292421644, 0.026460124919375133, 0.011923456787317765, 0.01708805698581525, 0.011497536402946318, 0.020674927413629158, 0.007509822154772613, 0.022312790618157247, 0.02455677634979045, 0.011983855297554068, 0.07242782165287967, 0.05915582701750531, 0.023223638032660025, 0.0247959756735825], [0.017547236132804366, 0.026929954364993788, 0.030816126274776933, 0.020413391501655772, 0.31166167727890354, 0.05188074709736781, 0.029736296879239243, 0.11063559106356968, 0.0251325939115632, 0.019765993802275353, 0.02176440905643904, 0.014223234460971594, 0.03706706890816425, 0.0626310305265409, 0.07685824874922438, 0.04078794100846803, 0.027029556767235542, 0.01467905627977649, 0.021818878422027375, 0.03862096751400265], [0.012606406899360977, 0.029752128265750275, 0.09234491699536458, 0.024048648443476064, 0.01874781908563814, 0.01881611542698286, 0.10722461299233668, 0.31415251522753534, 0.03201257929212109, 0.0164580971024465, 0.011988410395825093, 0.009863276468400456, 0.10434312669358418, 0.01611586559884357, 0.10450530181277072, 0.02169702152590579, 0.01097009115340552, 0.014289088394761352, 0.025437122393555632, 0.014626855831935095], [0.009715249893953398, 0.3424243627071942, 0.02455382767058813, 0.012966229593250255, 0.02790495734598296, 0.05248274003668606, 0.023171884156194644, 0.022565195822104155, 0.07160093805771373, 0.03239338514194087, 0.04801775545614511, 0.015678159600177342, 0.08921308480171337, 0.014015846875378865, 0.019618803736630996, 0.10261858839743107, 0.012804922389222739, 0.01639564457605655, 0.04978619625985079, 0.012072227481784463], [0.014432875157568798, 0.04485494096772432, 0.03496514446189715, 0.010675853081551424, 0.04896415857241999, 0.027259176441703985, 0.04507465479291474, 0.03571156297171989, 0.021404817102597565, 0.020980076256532684, 0.022867067587966722, 0.010070488907736885, 0.5094888437505753, 0.025602346851172488, 0.016319575447676867, 0.05582934269460793, 0.01612665136070684, 0.00967244204123433, 0.018191349401213166, 0.011508632150479647], [0.011157990213317766, 0.030492975624780528, 0.054350306345786456, 0.025649929809383274, 0.02143127903388813, 0.012504249300506864, 0.4976676773135075, 0.07806743581306308, 0.040057904423396705, 0.0194494882640479, 0.007731200446112968, 0.01932651542130432, 0.022941478427248932, 0.03354729918867924, 0.03202053858042374, 0.04246848737575895, 0.010901121654399904, 0.012360308293604875, 0.01227571471653428, 0.015598099754254854], [0.04315310604770332, 0.04706219509262435, 0.1055319122699787, 0.033150791223458966, 0.022686688328409484, 0.02626422214844534, 0.2557605743846747, 0.0229302201637039, 0.06231529617196875, 0.053585703653259174, 0.03194978163670085, 0.027569117373471758, 0.06335243257431801, 0.016720545004660074, 0.036522161468753006, 0.08328505488395309, 0.011729325145180127, 0.02708680346330335, 0.014959412396337276, 0.014384656569095012], [0.02644532537591851, 0.03357033944815604, 0.08196733871734253, 0.039472236658140605, 0.019863396027715884, 0.027218349884458433, 0.04640043744521226, 0.016519612843549233, 0.04359483522357377, 0.022886314732104257, 0.05459496589484818, 0.32347041194249343, 0.041582492298666125, 0.03338321059453705, 0.0334224297716474, 0.044112522731280565, 0.03880385162124346, 0.016930839933187603, 0.02498554085837579, 0.03077554799754914], [0.025712461790374015, 0.05913494818244977, 0.1741769836066996, 0.027762469142810806, 0.04507200562631781, 0.02813348831170568, 0.1860586607168646, 0.022046901703798322, 0.03255960229045765, 0.017731331986882194, 0.012803272658288971, 0.04878407676700978, 0.09052274198657644, 0.03395457032172402, 0.054479268292694824, 0.05019820003400142, 0.022230616236218803, 0.01405654857520667, 0.03620426796311745, 0.0183775838068009], [0.029093734633918674, 0.027552410290679168, 0.04125396890532663, 0.038409534580504084, 0.03416855172484314, 0.023678516388744505, 0.03566081442537124, 0.014219541483701711, 0.015817564739911888, 0.02345064457920748, 0.02454533183552838, 0.04217256015247461, 0.02991026773018108, 0.05896710317616076, 0.016428259287810627, 0.029237675607710033, 0.07385662196859395, 0.030937063291902222, 0.04364575347831098, 0.36699408171911835], [0.027318073153259893, 0.04581133350220129, 0.0446498077054431, 0.013203572511013267, 0.01987674832988196, 0.01858812779033897, 0.058551725552711334, 0.028961357801776947, 0.2838934116453061, 0.06502579921343837, 0.040984740422530794, 0.018354692924880105, 0.07769498299739054, 0.011604516426983034, 0.07759551378928183, 0.11390009455267726, 0.011202964625611014, 0.017774937454900372, 0.016408631315517702, 0.008598968284856394], [0.03541520910635871, 0.019175318155038607, 0.046514037499275275, 0.048165725890472834, 0.0791459762279004, 0.02354432369619795, 0.1212683675285774, 0.05370708802618047, 0.18019017487783928, 0.038926138195443494, 0.0211958980141067, 0.013035452878117972, 0.04315845155114774, 0.023604847767763622, 0.04475400785372786, 0.09404273253761428, 0.015984057796544448, 0.025055338611132367, 0.045351922906055, 0.027764930880505814], [0.008838153419011546, 0.05070982941798024, 0.03553152367036685, 0.012151339046411164, 0.03686386148872855, 0.06273045898262275, 0.03202393109514108, 0.020696711314296845, 0.05540856028907322, 0.04038334429769389, 0.01857576974978589, 0.01718926668220482, 0.03587034909297594, 0.01882496644204145, 0.052021461281561515, 0.4231972972865043, 0.010217918652508389, 0.019883695308605853, 0.03395903470003822, 0.01492252778244748], [0.013486580835150442, 0.053323093643255326, 0.11681734401085461, 0.04642089008875545, 0.019998865375151244, 0.0828066464673356, 0.014510359206869043, 0.03517393445847517, 0.023430531469444835, 0.02985723180790903, 0.03307943816974732, 0.1851913082362262, 0.02982173775734017, 0.02139471279427362, 0.09034786205698292, 0.05126540963693182, 0.03722352292662392, 0.018095221033811136, 0.0813688572932131, 0.01638645273164918], [0.019973683362043252, 0.018817915248383672, 0.5234492876399638, 0.02738448501815442, 0.02005081380536242, 0.01506543468934195, 0.06692960357984255, 0.02003173906402904, 0.024877862817952234, 0.018859367084571452, 0.01564374600289085, 0.040400196928958354, 0.02655492793061537, 0.02557459830291502, 0.05126913595292257, 0.023628332553559846, 0.008313918530389524, 0.013964305680495934, 0.024812527508605863, 0.014398118299001708], [0.007546190623714122, 0.5262372101180509, 0.021286355208377128, 0.009561125256535942, 0.018265175742704167, 0.011307713933071593, 0.061785247984613996, 0.03331328057168633, 0.0125205579835582, 0.006850722721501692, 0.023361398043752764, 0.015538460939673636, 0.08995241703038874, 0.02066956821158602, 0.036228235239950106, 0.054994415321311114, 0.012978235273192515, 0.011515908646297115, 0.01349071110134984, 0.012597070048685063], [0.012442531727255813, 0.026823560684687466, 0.033489772810543536, 0.012873460858416565, 0.03704955815440011, 0.02040292934935484, 0.029566413900192084, 0.03141293298683904, 0.04273969895519865, 0.06374062721995134, 0.019482317321052562, 0.015004996603060683, 0.042792328090994924, 0.019035468697705282, 0.020492767923681283, 0.5245122764941876, 0.01216916631383795, 0.009669688355096769, 0.014400121374405328, 0.011899382179138225], [0.02472209617377546, 0.03198772146872556, 0.06981327614289941, 0.023737472937026438, 0.01898601908986129, 0.0115775078840256, 0.08444646766753972, 0.02154417490212177, 0.3580295063337437, 0.06491625384176458, 0.04728861491777414, 0.02572846429492479, 0.05494430431985618, 0.02382131142822329, 0.024432240520905237, 0.06020304103791382, 0.009708489214523481, 0.013091872761303965, 0.022242616810937196, 0.008778548252154895], [0.08383421203830203, 0.007990099934334048, 0.039015345212288874, 0.5350883089455306, 0.011422141378080806, 0.01086765239403244, 0.02025812842153484, 0.0168125147917265, 0.011323595210455319, 0.01550627966086404, 0.013992652075054788, 0.025136492013228665, 0.006065594950062732, 0.017091570346427623, 0.02108409222652498, 0.011309794366023652, 0.03998903963871139, 0.06253676864267346, 0.02402657028432891, 0.026649147469814526], [0.017261162584345874, 0.17796578143993608, 0.11001571131992129, 0.040098060912816126, 0.013871602436878815, 0.06402721537264323, 0.053421487183052035, 0.06705497574350888, 0.10298216841305045, 0.019725376996509333, 0.026631124795871923, 0.026422972662756054, 0.0791669950749642, 0.01602225985030267, 0.02331792148939949, 0.04723558373831662, 0.023141024024677468, 0.02566330096501233, 0.05244861957022333, 0.013526655425813756], [0.024507745358126557, 0.012357497341999063, 0.08521787735960146, 0.022412902015832778, 0.021751053285426255, 0.03494318525611592, 0.031734145390360284, 0.04408054335536388, 0.035459678726903004, 0.10473035139971357, 0.02785569185774947, 0.01633924436030618, 0.03697379230900455, 0.015511360383292632, 0.3324058624987626, 0.05633569389224857, 0.011785676082135755, 0.02569629110026072, 0.03466104516057635, 0.025240362866221052], [0.057803699595774916, 0.015262879942426456, 0.060950227672558595, 0.07379259377373149, 0.05075499951774157, 0.026422016206385995, 0.058138183032581836, 0.022129206498705947, 0.03362070283003658, 0.028957938769056286, 0.031321068720480294, 0.03359776427759308, 0.058810659901488205, 0.03981721814762294, 0.02436332004703527, 0.04936062588034813, 0.09639961805460368, 0.044375582096419446, 0.047144690260398185, 0.14697700477501113], [0.04342738609871224, 0.010832798031577546, 0.04587545436069218, 0.04165073472089576, 0.023380377662910023, 0.02694256177206902, 0.022091139405223902, 0.010505493409573756, 0.02230519728427014, 0.0439553329071854, 0.020395860643054087, 0.03326106815948637, 0.013370490902243152, 0.040664966551090316, 0.02681310635358912, 0.04287228611927952, 0.02811193319104504, 0.06009551054310799, 0.40980371028288576, 0.03364459160110928], [0.01372582200865191, 0.07060674235667148, 0.116674621103193, 0.0395480951229028, 0.028778748537867837, 0.019316244298318196, 0.06639506202056393, 0.3297101592407908, 0.01400287516342243, 0.010473258335711033, 0.013919839316915542, 0.017113892886489075, 0.08273052193585301, 0.022141517968653327, 0.06545092880162844, 0.02835056412839723, 0.012628365158894355, 0.013531782535475247, 0.017310098046833526, 0.017590861032766577], [0.017957362652555382, 0.04288323032646955, 0.03858344615547139, 0.017396669627386896, 0.022816578162449676, 0.2675078641101604, 0.01710219720914648, 0.048616064925665434, 0.0541811264364448, 0.03798346010893871, 0.10899270585724743, 0.012055881207227464, 0.06791977677966518, 0.030937687170884427, 0.0441461246489687, 0.03327988599054175, 0.019850263994150366, 0.03865275876381837, 0.06201352494546341, 0.017123390927344204], [0.013805255362321215, 0.0370890962412301, 0.07310137989638285, 0.016151126689094766, 0.019912976792461068, 0.20601030219876068, 0.03232838622765196, 0.050075182939152224, 0.046888445448117974, 0.0495933763722825, 0.09307047477883613, 0.01971807925397121, 0.06478652792712769, 0.023553662946114228, 0.08705352832349136, 0.07646273254361034, 0.020469880003387588, 0.028093841037403897, 0.024554478855114234, 0.01728126616348749], [0.008233757362007238, 0.028713501137852586, 0.043764327120402215, 0.008653513122138726, 0.06948662870481999, 0.019760928332057375, 0.03688074832467204, 0.03151142223987424, 0.017317289610739934, 0.03906777707278914, 0.025988799889996687, 0.013321595610786616, 0.09034217209098744, 0.02314712649929085, 0.04692103578725188, 0.4340086105218336, 0.013443571262814473, 0.01136898966831117, 0.01871654618102251, 0.019351659460351323], [0.04500345841271395, 0.03219240221688708, 0.07782329995378036, 0.030316139711992558, 0.014259517501604764, 0.02311676702687675, 0.08637507663541816, 0.02455087803704477, 0.2654182337903509, 0.0424081439136364, 0.03252791177721722, 0.01703995438041358, 0.05840301859430334, 0.010037542119364183, 0.08372984134900124, 0.05371090503836753, 0.02299291604013561, 0.03847058432954668, 0.017525592649050216, 0.024097816522295083], [0.007239313565373681, 0.01539213520177317, 0.059562558417632666, 0.009762428201682077, 0.03128281242976093, 0.02580977103560924, 0.044045906692886015, 0.06488026307180239, 0.01753813204003305, 0.018759266232909733, 0.011560029929598148, 0.01020928205018834, 0.06117652156499342, 0.028762619423798822, 0.5016952674226102, 0.03508679925084427, 0.01047223530662755, 0.00949226761189382, 0.02403587726301434, 0.013236513286968905], [0.011743081070316344, 0.020582320961456152, 0.08860633186799545, 0.03790076934432038, 0.016251951671752182, 0.02380912085606568, 0.015207925642654448, 0.02061791071969308, 0.01969318401414309, 0.015181875823162966, 0.009281691446998494, 0.4742936293954549, 0.010628421255639316, 0.01804586825125752, 0.05381590464410634, 0.04074552075673558, 0.017069160849364, 0.04937050435512495, 0.033823988617814056, 0.023330838455945607], [0.011832281172357913, 0.03140153354273866, 0.05700080901773797, 0.020639516824291104, 0.0442147155993637, 0.021484261171977742, 0.06843424164823236, 0.08187651326969876, 0.060436129074617144, 0.05166976675415328, 0.030746274187759038, 0.02719816258686621, 0.06288752532699497, 0.032151284827275264, 0.032622891211598726, 0.3081855735341558, 0.011564800438602994, 0.01519984118833416, 0.021365423003109806, 0.009088455620135695], [0.018374461465682806, 0.01703261506436277, 0.020474644276003533, 0.015105567495058099, 0.03306946535198722, 0.04047555123829788, 0.04948493025765142, 0.02807153725069781, 0.31694756118699724, 0.057820299573119294, 0.018807738544025142, 0.012779910972204224, 0.026380920678683625, 0.04932880184676983, 0.047825747634293134, 0.11727699495291313, 0.008254251216929348, 0.08938228980614915, 0.02056200904819473, 0.01254470213997972], [0.017631273858622547, 0.01297223266864875, 0.04297374334164127, 0.02803340495771292, 0.022138177735112806, 0.02023802938843433, 0.03193800229802387, 0.048040687953047716, 0.017717547654505488, 0.007497798702006379, 0.014523642118415303, 0.011993107853163366, 0.018117696651701518, 0.4888657651103697, 0.02363222686708456, 0.024215508159262805, 0.045447631121857124, 0.057927115887647165, 0.029452871199567437, 0.03664353647317435], [0.015205136392085202, 0.0144511236330811, 0.030473343893226836, 0.03978532828415989, 0.03143570754460238, 0.029983868795548305, 0.08800205009483762, 0.041231780869475855, 0.030538552091869505, 0.02352139594936533, 0.012954195397040773, 0.01843027824487547, 0.012158320374848269, 0.45640698957618775, 0.033344133490021154, 0.015268373627359591, 0.017661343316412812, 0.03334268488271763, 0.03803965660063353, 0.017765736941650997], [0.014013147187621765, 0.009562066769516292, 0.10249439110959992, 0.034309445771267016, 0.04842706809823709, 0.02376773231905626, 0.0912382390207677, 0.043442241923938446, 0.0217213225743164, 0.02210377473853613, 0.019392429135982235, 0.03487511388047173, 0.03396599834111285, 0.31388694894238084, 0.039549186514725665, 0.034168510814446516, 0.01841516248929733, 0.020238486367704294, 0.0454894119207515, 0.028939322080270138], [0.012999201347333416, 0.03213563107945608, 0.0745460441609559, 0.042983042853192495, 0.05559128879305197, 0.050215030942087485, 0.10757034656043861, 0.11919420072466366, 0.021859068992330626, 0.025989616748196557, 0.015652065412578603, 0.01809734481295992, 0.03474620986268092, 0.2019111873480005, 0.033293044954372346, 0.03487662783240024, 0.03579330971188163, 0.0316869748724767, 0.024281259973248294, 0.026578503017694346], [0.009945889288385882, 0.012853269465646985, 0.0475032476146866, 0.019084270398761743, 0.30309247772711534, 0.033319231698423143, 0.018562981967517767, 0.05393850902704214, 0.017470995755547437, 0.015633021801761276, 0.014045748829931686, 0.018925498597681858, 0.02313477772109247, 0.170977317573242, 0.04567800144691232, 0.0629568676423854, 0.014476331995624722, 0.04551098871195087, 0.025341536172440622, 0.047549036563849865], [0.008888933220361363, 0.03266413771230677, 0.030808244166661343, 0.011068912266560753, 0.016996681309523493, 0.030155229876039837, 0.037408750249938075, 0.03628710296462221, 0.03334396675803498, 0.01604479890471466, 0.015711520970144242, 0.008346622655293543, 0.035335771612936315, 0.013995886896699174, 0.6124553189834475, 0.014522781845066536, 0.009105954426945657, 0.014029881525735333, 0.016007052040475298, 0.006822451614493137], [0.006258761710505291, 0.010948743355628926, 0.011551872243315735, 0.004440401547082337, 0.7128141078064537, 0.006268987213979707, 0.013999018857251312, 0.016036408011089756, 0.007242367611561705, 0.005137626877752837, 0.010985590712911766, 0.013466438808213134, 0.03544472590299244, 0.03529181831803264, 0.013489701791546618, 0.042955044738278284, 0.007178906099184961, 0.011587901611715372, 0.013996807100832905, 0.020904769681670664], [0.044387680898369676, 0.021417763822366306, 0.04064683033970658, 0.06387719019234506, 0.05309872009232586, 0.017536904026561547, 0.06147666139303678, 0.023389523170800765, 0.02482363978628935, 0.032844249455789974, 0.029809196061299635, 0.04740264966302014, 0.02856170518508802, 0.0461312157285307, 0.01476342845526233, 0.025142543294322972, 0.07269812354378767, 0.039202320089474885, 0.028438512366278455, 0.28435114243534343], [0.04135461687357383, 0.029796002710089448, 0.08291326647613557, 0.038704435074353116, 0.1165877260070781, 0.023154165341626586, 0.12851799485984122, 0.011234477200818587, 0.040482563615648934, 0.017026374488349264, 0.024209495847830647, 0.20101869015793583, 0.027848889356208, 0.028058769189542192, 0.04492695478334896, 0.039907836113835346, 0.021074890651155517, 0.03300509790584367, 0.03717956847669563, 0.012998184870089455], [0.0665231912073045, 0.0084083584223003, 0.01736877683330384, 0.08218826543759776, 0.03275136346202321, 0.018706462079759765, 0.023316017917497905, 0.011583521351915007, 0.020754908013722824, 0.025000905077908947, 0.022972561102137204, 0.024269349495916553, 0.007037958749657902, 0.02172412907598939, 0.011941670934584255, 0.010914739476553402, 0.0218467151133906, 0.5126440904225347, 0.020639308062631728, 0.03940770776327101], [0.08622728027550584, 0.01662858440991219, 0.04234139734936009, 0.0755457091936991, 0.056788711812725295, 0.031217884563159323, 0.09339979897852517, 0.017591423725064437, 0.030570529017225345, 0.05649092382167759, 0.03249532394928922, 0.01516710506421321, 0.01366756696450318, 0.026312051950603144, 0.018434128159662718, 0.023814524811696575, 0.019968079762906116, 0.292625715871823, 0.030424035552635464, 0.020289224765813116], [0.02904223848873234, 0.02542668616008013, 0.030976426376374905, 0.047456552356803974, 0.06992331718439439, 0.027095116418596493, 0.0450239088694759, 0.02002613067213705, 0.018618348460277934, 0.022178025519215203, 0.024868976374387786, 0.04038148185819497, 0.025676591361627452, 0.046741100006105096, 0.016553470675518676, 0.022252282935186243, 0.10487440961582921, 0.03720607530688263, 0.03298859722108197, 0.3126902641390984], [0.022448455438142268, 0.013735938815880885, 0.03149949617212628, 0.035852791006262014, 0.02323109583371405, 0.0046087209822414845, 0.5937493474280714, 0.06039209651678823, 0.02486349496484933, 0.006089480081269273, 0.007098079887864769, 0.00897472138978629, 0.024000455106075666, 0.025443849277378666, 0.019818398895726296, 0.021516340886574614, 0.01076066843487424, 0.035424580629175945, 0.012033385650265026, 0.01845860260293362], [0.012452105718098157, 0.04935391096867871, 0.07313619389139439, 0.017367553342322817, 0.02522834058820052, 0.1518165191782044, 0.06305603021101176, 0.09568224032737777, 0.09658531454552946, 0.019105814067550145, 0.04530854542888417, 0.02021226615143226, 0.10742025784892818, 0.022044829411330978, 0.08687188628725802, 0.061830025766152485, 0.012571915700072487, 0.02023635520971875, 0.013171311666897981, 0.006548583690955866], [0.015138420476196754, 0.03634139297203784, 0.04953405512207858, 0.03136792849758524, 0.01602280459541164, 0.02736689670672358, 0.018874131597735377, 0.016450581002275394, 0.027965347294406057, 0.0263417954313162, 0.014899276342869822, 0.4332496822111899, 0.014896446092127142, 0.02026477287633846, 0.08022462162149774, 0.04073892930873397, 0.0304999862212668, 0.04184548301826366, 0.032627518493496606, 0.025349930118449972], [0.006523471336630942, 0.03880620492667022, 0.040371664349819085, 0.007330702189838449, 0.029236509735997528, 0.049248564426300545, 0.041458100314906425, 0.024446242663957257, 0.05965756536422663, 0.030837405116266953, 0.02458855952921366, 0.01197893271286484, 0.3855178562382433, 0.014123206335813376, 0.06672662829524452, 0.13069235482735628, 0.009517999037418146, 0.010804863865958768, 0.009083478944314537, 0.009049689788958737], [0.009599691287917994, 0.017087093328101963, 0.02294471299727342, 0.011123190007489002, 0.011898038340930225, 0.005611619222692172, 0.5296366621043977, 0.040591281133996855, 0.1111156079324273, 0.017980545738337794, 0.008238965376781385, 0.007240016224316724, 0.05029451698024342, 0.019857396763288057, 0.04256495945154232, 0.05071565080012088, 0.006361715971646672, 0.0186531785070796, 0.008318665229753065, 0.010166492601663897], [0.013719757779229496, 0.028951660616595407, 0.043703205661756304, 0.012242817783619195, 0.04837041920368265, 0.04619838083160728, 0.06691159103308647, 0.04208093698922956, 0.05151706492451425, 0.028292668438611123, 0.022241952001537387, 0.008827155106183175, 0.0588831225284488, 0.025891793737088067, 0.3555253885213483, 0.03786962232352895, 0.014530012830052917, 0.023800578851701507, 0.05774894628260716, 0.012692924555571649], [0.012786473278467667, 0.048072255856650786, 0.03723200336687396, 0.02078645560777042, 0.02696914645505946, 0.4086778592329547, 0.033061374514852075, 0.030371226294632122, 0.026702417291493856, 0.019870236303694735, 0.06204984624859527, 0.02123829132695373, 0.06869116686798112, 0.02450054985663743, 0.05137733874018841, 0.023557342831565176, 0.021079231684114814, 0.026381287887120658, 0.024634331688603683, 0.011961164665789673], [0.01428902668459101, 0.021224879341592808, 0.024333704446201594, 0.008522175499528429, 0.04855596248569749, 0.02604693078405768, 0.03012875096438873, 0.016009955739544012, 0.03456091793060926, 0.08539184824524318, 0.031066961310899106, 0.012282302484388337, 0.05289854212734429, 0.015617968112280013, 0.022011601392678964, 0.506417392387456, 0.008933685822008505, 0.013366000087090804, 0.015262588683407406, 0.01307880547099234], [0.012242352640975446, 0.060187046614474216, 0.054276284544388126, 0.013031056970310538, 0.030096478720826436, 0.2610204568566145, 0.03423520249526561, 0.03422295453262963, 0.04572461527125992, 0.013565132718925064, 0.0440368958028826, 0.036863322875865044, 0.1613896325903206, 0.024939991599707386, 0.07824573901369894, 0.021271080422167684, 0.019520451708370534, 0.030623231017480317, 0.012578343450811696, 0.011929730153026013], [0.06881138678660857, 0.012578257346120218, 0.026828416339952296, 0.06355370591828456, 0.06428149376121216, 0.017642986879665472, 0.01883142437452304, 0.024441798443200227, 0.013497635210151016, 0.012857371790731301, 0.022317003680008687, 0.040801148008497934, 0.020663081695459492, 0.06545426787644729, 0.02568927765435647, 0.03653754659150089, 0.0769449981175921, 0.10837188330022372, 0.029968956829435525, 0.24992735939602873], [0.006364349958977359, 0.05512709540992097, 0.04389603534888407, 0.009512396731760846, 0.025221343415769103, 0.017061271096450933, 0.02887032863006799, 0.10992686699518278, 0.01668766919951874, 0.007104353470691541, 0.013992744537852934, 0.011112701703216439, 0.4932031879426207, 0.018759817321665928, 0.0538726650438501, 0.04115791435159029, 0.006091718405113747, 0.018628794783409373, 0.012975683492251977, 0.01043306216120402], [0.04568232368165871, 0.01014017177538263, 0.05342607745581484, 0.027338007317104788, 0.0681823816806987, 0.013652020240310422, 0.01946410120010257, 0.02515451382243494, 0.011406486533264405, 0.027460718529182592, 0.015779123603415192, 0.06784928333638822, 0.017563751723682523, 0.07651618249712547, 0.0978508801721171, 0.04672853738769506, 0.040000210493831984, 0.05562404916737078, 0.0246487235855357, 0.2555324557968838], [0.26044266421228207, 0.018376334600058226, 0.040285144552539676, 0.08771670820795749, 0.04049146619441644, 0.011994958349919387, 0.09066336802954549, 0.024163051856653336, 0.059711072504416526, 0.030324993916942825, 0.022432534616736784, 0.029514877011861947, 0.015297355013263571, 0.0312679664729874, 0.022580228785811007, 0.029297681328391487, 0.03431385534675168, 0.08312872164914356, 0.040360248294457016, 0.027636769055864603], [0.010717250842221578, 0.01720645273342109, 0.035148890064109095, 0.02324717845295294, 0.04327104757892709, 0.0424250486258813, 0.09881737430128745, 0.043170935211009315, 0.019277532343400683, 0.014547374148220339, 0.014305665532692547, 0.014026054651180465, 0.022239790652685488, 0.4634102179987675, 0.02453171645651818, 0.017074417703102078, 0.017204709403145106, 0.029116686445998144, 0.02901038613784376, 0.021251270716635802], [0.03480179530361168, 0.00876951785166388, 0.03884011123507003, 0.04649721397717094, 0.15158330559572739, 0.019999471041894826, 0.04576723350809024, 0.02483193779447854, 0.014437417671516958, 0.02418730617539676, 0.0335084408141725, 0.031018738809031186, 0.02053476235229456, 0.09447625828001283, 0.019001383887772273, 0.04294072462788664, 0.045159550077483124, 0.020566285398248903, 0.036485790666350444, 0.24659275493212604], [0.02275084694318057, 0.029071372459596328, 0.028196603931763604, 0.02638571459395659, 0.04205858745381201, 0.06720245544375938, 0.023361280777781355, 0.012488389426414384, 0.011251654755029233, 0.015245321088141027, 0.0376106148447961, 0.024754784514154846, 0.028883165810883266, 0.10928211027178951, 0.01657274128844948, 0.033053263306913695, 0.30234526572669096, 0.0549206487531629, 0.024510015936130242, 0.09005516267359455], [0.011281781251811781, 0.03292516931070262, 0.03292059259970553, 0.014817477107450218, 0.015897385808332845, 0.43201720637560453, 0.03607869999871156, 0.03827328166540961, 0.035903190465130345, 0.02047306109252439, 0.05339888134845998, 0.014111761499065756, 0.0659151925044112, 0.017499432128640517, 0.07257622603546299, 0.041419114736326035, 0.016173271175929715, 0.02121204981913108, 0.015025201150107149, 0.012081023927082542], [0.00905978014413669, 0.0658815756249379, 0.